product_code_sitc,location,year,export_rca
5417,abw,1988,0
5417,abw,1989,0
5417,abw,1990,0.096916
5417,abw,1991,0.020732
5417,abw,1992,0.097858
5417,abw,1993,0.055162
5417,abw,1994,0.012955
5417,abw,1995,0.017999
5417,abw,1996,0.010967
5417,abw,1997,0.007229
5417,abw,1998,0.045504
5417,abw,1999,0.034816
5417,abw,2000,0.036737
5417,abw,2001,0.013877
5417,abw,2002,0.006476
5417,abw,2003,0.029141
5417,abw,2004,0.02097
5417,abw,2005,0.048245
5417,abw,2006,0.031102
5417,abw,2007,0.031239
5417,abw,2008,0.035474
5417,abw,2009,0.031543
5417,abw,2010,0.088405
5417,abw,2011,0.019073
5417,abw,2012,0.254792
5417,abw,2013,0.022599
5417,abw,2014,0.010588
5417,abw,2015,0.433095
5417,abw,2016,0.016278
5417,afg,1988,0.001829
5417,afg,1989,0.012799
5417,afg,1990,0.001538
5417,afg,1991,0.123344
5417,afg,1992,0.019895
5417,afg,1993,0.025315
5417,afg,1994,0.01229
5417,afg,1995,0.008651
5417,afg,1996,0.042238
5417,afg,1997,0.399804
5417,afg,1998,0.037804
5417,afg,1999,0.067839
5417,afg,2000,0.438881
5417,afg,2001,0.210263
5417,afg,2002,0.840093
5417,afg,2003,0.109096
5417,afg,2004,0.276362
5417,afg,2005,0.307767
5417,afg,2006,0.018205
5417,afg,2007,0.008327
5417,afg,2008,0.069981
5417,afg,2009,0.103053
5417,afg,2010,0.191161
5417,afg,2011,0.014713
5417,afg,2012,0.060729
5417,afg,2013,0.057627
5417,afg,2014,0.04736
5417,afg,2015,0.005792
5417,afg,2016,0.011703
5417,afg,1962,0
5417,afg,1963,0
5417,afg,1964,0
5417,afg,1965,0
5417,afg,1966,0
5417,afg,1967,0
5417,afg,1968,0
5417,afg,1969,0.003255
5417,afg,1970,0.000775
5417,afg,1971,0
5417,afg,1972,0.042313
5417,afg,1973,0.021962
5417,afg,1974,0.208582
5417,afg,1975,0.418872
5417,afg,1976,0.345852
5417,afg,1977,0.121694
5417,afg,1978,0.001481
5417,afg,1979,0
5417,afg,1980,0
5417,afg,1981,0.016537
5417,afg,1982,0
5417,afg,1983,0.076473
5417,afg,1984,0.041063
5417,afg,1985,0
5417,afg,1986,0
5417,afg,1987,0
5417,ago,1988,0
5417,ago,1989,0.001768
5417,ago,1990,0.001181
5417,ago,1991,0.000175
5417,ago,1992,0
5417,ago,1993,0
5417,ago,1994,0.000095
5417,ago,1995,0.000369
5417,ago,1996,0.000023
5417,ago,1997,0
5417,ago,1998,0.000123
5417,ago,1999,0.000274
5417,ago,2000,0.000516
5417,ago,2001,0.000113
5417,ago,2002,0.001028
5417,ago,2003,0.001042
5417,ago,2004,0.000058
5417,ago,2005,0.000021
5417,ago,2006,0.000026
5417,ago,2007,0.000032
5417,ago,2008,0.000039
5417,ago,2009,0.000006
5417,ago,2010,0.000974
5417,ago,2011,0.000003
5417,ago,2012,0.000017
5417,ago,2013,0.000002
5417,ago,2014,0.000001
5417,ago,2015,0.000008
5417,ago,2016,0.000089
5417,ago,1962,0.010972
5417,ago,1963,0
5417,ago,1964,0
5417,ago,1965,0.009377
5417,ago,1966,0.001066
5417,ago,1967,0.001534
5417,ago,1968,0
5417,ago,1969,0.007122
5417,ago,1970,0.003374
5417,ago,1971,0.002618
5417,ago,1972,0.005236
5417,ago,1973,0.003192
5417,ago,1974,0.006679
5417,ago,1975,0.008119
5417,ago,1976,0
5417,ago,1977,0.001503
5417,ago,1978,0
5417,ago,1979,0
5417,ago,1980,0
5417,ago,1981,0.000127
5417,ago,1982,0
5417,ago,1983,0
5417,ago,1984,0
5417,ago,1985,0
5417,ago,1986,0
5417,ago,1987,0
5417,aia,1988,0
5417,aia,1989,0
5417,aia,1990,0.323636
5417,aia,1991,0
5417,aia,1992,0
5417,aia,1993,0
5417,aia,1994,2.04225
5417,aia,1995,0
5417,aia,1996,0.029601
5417,aia,1997,0.50368
5417,aia,1998,12.026387
5417,aia,1999,1.18498
5417,aia,2000,0.208607
5417,aia,2001,0.040055
5417,aia,2002,0.00343
5417,aia,2003,0
5417,aia,2004,0.374221
5417,aia,2005,11.649513
5417,aia,2006,0.00671
5417,aia,2007,0.029437
5417,aia,2008,0.044855
5417,aia,2009,0.243804
5417,aia,2010,0.000809
5417,aia,2011,0.303026
5417,aia,2012,0.137921
5417,aia,2013,0.202213
5417,aia,2014,0.025082
5417,aia,2015,0.237758
5417,aia,2016,0.27287
5417,aia,1981,0
5417,aia,1982,0
5417,aia,1983,0
5417,aia,1984,0
5417,aia,1985,0
5417,aia,1986,0
5417,aia,1987,0
5417,alb,1988,0.003273
5417,alb,1989,0.005221
5417,alb,1990,0.074499
5417,alb,1991,0.048903
5417,alb,1992,0.006686
5417,alb,1993,0.241125
5417,alb,1994,0.152761
5417,alb,1995,0.049872
5417,alb,1996,0.077052
5417,alb,1997,0
5417,alb,1998,0.011325
5417,alb,1999,0.015219
5417,alb,2000,0.131239
5417,alb,2001,0.019695
5417,alb,2002,0.081144
5417,alb,2003,0.180583
5417,alb,2004,0.011594
5417,alb,2005,0.044575
5417,alb,2006,0.058424
5417,alb,2007,0.036288
5417,alb,2008,0.059873
5417,alb,2009,0.033841
5417,alb,2010,0.028989
5417,alb,2011,0.05637
5417,alb,2012,0.057391
5417,alb,2013,0.02752
5417,alb,2014,0.052395
5417,alb,2015,0.041347
5417,alb,2016,0.089307
5417,alb,1962,0
5417,alb,1963,0
5417,alb,1964,0
5417,alb,1965,0
5417,alb,1966,0
5417,alb,1967,0
5417,alb,1968,0
5417,alb,1969,0.108431
5417,alb,1970,0
5417,alb,1971,0
5417,alb,1972,0
5417,alb,1973,0
5417,alb,1974,0
5417,alb,1975,0.130829
5417,alb,1976,0.0102
5417,alb,1977,0
5417,alb,1978,0
5417,alb,1979,0
5417,alb,1980,1.034142
5417,alb,1981,0.788132
5417,alb,1982,0.043936
5417,alb,1983,0.18398
5417,alb,1984,0
5417,alb,1985,0.335791
5417,alb,1986,0.022991
5417,alb,1987,0.164059
5417,and,1988,0.052292
5417,and,1989,2.943009
5417,and,1990,0.026875
5417,and,1991,0.173276
5417,and,1992,0.545698
5417,and,1993,0
5417,and,1994,0.014385
5417,and,1995,0.094495
5417,and,1996,0.085108
5417,and,1997,0.112407
5417,and,1998,0.514629
5417,and,1999,0.430606
5417,and,2000,0.606032
5417,and,2001,1.111741
5417,and,2002,0.554009
5417,and,2003,0.856892
5417,and,2004,0.215648
5417,and,2005,0.05063
5417,and,2006,0.124945
5417,and,2007,0.11685
5417,and,2008,0.031457
5417,and,2009,0.138133
5417,and,2010,0.521726
5417,and,2011,0.023192
5417,and,2012,0.14469
5417,and,2013,0.030318
5417,and,2014,0.008235
5417,and,2015,0.1326
5417,and,2016,0.096055
5417,and,1962,0
5417,and,1964,0
5417,and,1965,0
5417,and,1966,0
5417,and,1967,0
5417,and,1968,0
5417,and,1969,0
5417,and,1970,0
5417,and,1971,0
5417,and,1972,0
5417,and,1973,0
5417,and,1974,0
5417,and,1975,0
5417,and,1976,0.608359
5417,and,1977,0
5417,and,1978,0
5417,and,1979,0
5417,and,1980,0
5417,and,1981,0
5417,and,1982,0
5417,and,1983,0
5417,and,1984,0
5417,and,1985,0.017765
5417,and,1986,0.031458
5417,and,1987,0
5417,ant,1988,0.074102
5417,ant,1989,0.161695
5417,ant,1990,0.07656
5417,ant,1991,0.071378
5417,ant,1992,0.085483
5417,ant,1993,0.042919
5417,ant,1994,0.058579
5417,ant,1995,0.121184
5417,ant,1996,0.133419
5417,ant,1997,0.118097
5417,ant,1998,0.052633
5417,ant,1999,0.127422
5417,ant,2000,0.177997
5417,ant,2001,0.151758
5417,ant,2002,0.19096
5417,ant,2003,0.167772
5417,ant,2004,0.051081
5417,ant,2005,0.058381
5417,ant,2006,0.073427
5417,ant,2007,0.041898
5417,ant,2008,0.059852
5417,ant,2009,0.105559
5417,ant,2010,0.314386
5417,ant,1962,0.000366
5417,ant,1963,0.00028
5417,ant,1964,0.013257
5417,ant,1965,0.02686
5417,ant,1966,0.004349
5417,ant,1967,0.002218
5417,ant,1968,0.001794
5417,ant,1969,0
5417,ant,1970,0.000499
5417,ant,1971,0.0005
5417,ant,1972,0.00339
5417,ant,1973,0.000608
5417,ant,1974,0.000112
5417,ant,1975,0.0031
5417,ant,1976,0.000798
5417,ant,1977,0.00266
5417,ant,1978,0
5417,ant,1979,0.020163
5417,ant,1980,0.001353
5417,ant,1981,0.001263
5417,ant,1982,0.000044
5417,ant,1983,0.003123
5417,ant,1984,0.000792
5417,ant,1985,0.007027
5417,ant,1986,0.019109
5417,ant,1987,0.013674
5417,are,1988,0.186824
5417,are,1989,0.201172
5417,are,1990,0.088879
5417,are,1991,0.114032
5417,are,1992,0.127273
5417,are,1993,0.241856
5417,are,1994,0.128775
5417,are,1995,0.141951
5417,are,1996,0.122961
5417,are,1997,0.067426
5417,are,1998,0.198807
5417,are,1999,0.117873
5417,are,2000,0.036966
5417,are,2001,0.030622
5417,are,2002,0.134531
5417,are,2003,0.10348
5417,are,2004,0.083582
5417,are,2005,0.095084
5417,are,2006,0.091848
5417,are,2007,0.072264
5417,are,2008,0.068486
5417,are,2009,0.092391
5417,are,2010,0.100157
5417,are,2011,0.097551
5417,are,2012,0.086312
5417,are,2013,0.115999
5417,are,2014,0.182873
5417,are,2015,0.142214
5417,are,2016,0.138071
5417,are,1962,0
5417,are,1963,0
5417,are,1967,0
5417,are,1968,1.331119
5417,are,1969,0.879266
5417,are,1970,0
5417,are,1971,0.000914
5417,are,1972,0.001528
5417,are,1973,0.001104
5417,are,1974,0.000357
5417,are,1975,0.005396
5417,are,1976,0.023842
5417,are,1977,0.008351
5417,are,1978,0.000341
5417,are,1979,0.000729
5417,are,1980,0.000074
5417,are,1981,0.000694
5417,are,1982,0.00849
5417,are,1983,0.009058
5417,are,1984,0.007346
5417,are,1985,0.059611
5417,are,1986,0.116762
5417,are,1987,0.067262
5417,arg,1988,0.136164
5417,arg,1989,0.167122
5417,arg,1990,0.144233
5417,arg,1991,0.280641
5417,arg,1992,0.341736
5417,arg,1993,0.537891
5417,arg,1994,0.515525
5417,arg,1995,0.514915
5417,arg,1996,0.635954
5417,arg,1997,0.765748
5417,arg,1998,0.75253
5417,arg,1999,0.81282
5417,arg,2000,0.686772
5417,arg,2001,0.562618
5417,arg,2002,0.402974
5417,arg,2003,0.333595
5417,arg,2004,0.380965
5417,arg,2005,0.33861
5417,arg,2006,0.370258
5417,arg,2007,0.369239
5417,arg,2008,0.360844
5417,arg,2009,0.414574
5417,arg,2010,0.393613
5417,arg,2011,0.425381
5417,arg,2012,0.512391
5417,arg,2013,0.508374
5417,arg,2014,0.51534
5417,arg,2015,0.702295
5417,arg,2016,0.564418
5417,arg,1962,0.20876
5417,arg,1963,0.186207
5417,arg,1964,0.165108
5417,arg,1965,0.102457
5417,arg,1966,0.110607
5417,arg,1967,0.117443
5417,arg,1968,0.201041
5417,arg,1969,0.21825
5417,arg,1970,0.275199
5417,arg,1971,0.326955
5417,arg,1972,0.307917
5417,arg,1973,0.247372
5417,arg,1974,0.240583
5417,arg,1975,0.244896
5417,arg,1976,0.212018
5417,arg,1977,0.178637
5417,arg,1978,0.130318
5417,arg,1979,0.091593
5417,arg,1980,0.310342
5417,arg,1981,0.288525
5417,arg,1982,0.262852
5417,arg,1983,0.158944
5417,arg,1984,0.184643
5417,arg,1985,0.113871
5417,arg,1986,0.126802
5417,arg,1987,0.155811
5417,atf,1988,0
5417,atf,1989,3.092503
5417,atf,1990,0
5417,atf,1991,0
5417,atf,1992,3.085642
5417,atf,1993,0
5417,atf,1994,9.912642
5417,atf,1995,0
5417,atf,1996,0
5417,atf,1997,0.060392
5417,atf,1998,0.370182
5417,atf,1999,0.151413
5417,atf,2000,2.680665
5417,atf,2001,0
5417,atf,2002,0
5417,atf,2003,0
5417,atf,2004,0
5417,atf,2005,0
5417,atf,2006,0
5417,atf,2007,0
5417,atf,2008,0.795966
5417,atf,2009,0
5417,atf,2010,0
5417,atf,2011,0
5417,atf,2012,0
5417,atf,2013,0
5417,atf,2014,0
5417,atf,2015,0
5417,atf,2016,0
5417,atf,1976,0
5417,atf,1977,0
5417,atf,1981,0
5417,atf,1982,0
5417,atf,1983,0
5417,atf,1986,0
5417,atf,1987,0
5417,atg,1988,0.144488
5417,atg,1989,0.019662
5417,atg,1990,0.027439
5417,atg,1991,0.004702
5417,atg,1992,0.058084
5417,atg,1993,0.330259
5417,atg,1994,0.148744
5417,atg,1995,0.200823
5417,atg,1996,0.123616
5417,atg,1997,0.050119
5417,atg,1998,0.083991
5417,atg,1999,0.057425
5417,atg,2000,0.030774
5417,atg,2001,0.012401
5417,atg,2002,0.013531
5417,atg,2003,0.095099
5417,atg,2004,0.034028
5417,atg,2005,0.010352
5417,atg,2006,0.00419
5417,atg,2007,0.070903
5417,atg,2008,0.030057
5417,atg,2009,0.028687
5417,atg,2010,0.029748
5417,atg,2011,0.01847
5417,atg,2012,0.09948
5417,atg,2013,0.158138
5417,atg,2014,0.039365
5417,atg,2015,0.069368
5417,atg,2016,0.036462
5417,atg,1965,0
5417,atg,1968,0
5417,atg,1970,0
5417,atg,1971,0
5417,atg,1972,0
5417,atg,1973,0
5417,atg,1974,0
5417,atg,1975,0
5417,atg,1976,0
5417,atg,1977,0
5417,atg,1978,0
5417,atg,1979,0
5417,atg,1980,0
5417,atg,1981,0.018309
5417,atg,1982,0.006749
5417,atg,1983,0.029713
5417,atg,1984,0
5417,atg,1985,0
5417,atg,1986,0.276218
5417,atg,1987,0.412758
5417,aus,1988,0.491681
5417,aus,1989,0.487157
5417,aus,1990,0.482157
5417,aus,1991,0.547444
5417,aus,1992,0.592665
5417,aus,1993,0.652341
5417,aus,1994,0.769239
5417,aus,1995,0.761376
5417,aus,1996,0.74873
5417,aus,1997,0.752096
5417,aus,1998,0.677214
5417,aus,1999,0.814327
5417,aus,2000,1.128488
5417,aus,2001,0.977283
5417,aus,2002,0.652619
5417,aus,2003,0.752588
5417,aus,2004,0.73744
5417,aus,2005,0.772242
5417,aus,2006,0.769232
5417,aus,2007,0.764127
5417,aus,2008,0.642519
5417,aus,2009,0.631915
5417,aus,2010,0.578021
5417,aus,2011,0.514025
5417,aus,2012,0.604309
5417,aus,2013,0.431044
5417,aus,2014,0.380472
5417,aus,2015,0.31697
5417,aus,2016,0.36465
5417,aus,1962,0.062081
5417,aus,1963,0.063023
5417,aus,1964,0.285278
5417,aus,1965,0.336888
5417,aus,1966,0.295139
5417,aus,1967,0.446028
5417,aus,1968,0.458825
5417,aus,1969,0.374369
5417,aus,1970,0.455658
5417,aus,1971,0.575777
5417,aus,1972,0.46776
5417,aus,1973,0.519048
5417,aus,1974,0.5574
5417,aus,1975,0.447882
5417,aus,1976,0.43276
5417,aus,1977,0.425567
5417,aus,1978,0.504431
5417,aus,1979,0.449742
5417,aus,1980,0.378622
5417,aus,1981,0.389227
5417,aus,1982,0.390186
5417,aus,1983,0.456328
5417,aus,1984,0.396248
5417,aus,1985,0.369313
5417,aus,1986,0.339279
5417,aus,1987,0.318996
5417,aut,1988,0.639987
5417,aut,1989,0.757325
5417,aut,1990,0.838022
5417,aut,1991,0.961019
5417,aut,1992,0.857299
5417,aut,1993,0.942434
5417,aut,1994,1.10624
5417,aut,1995,1.248058
5417,aut,1996,1.199549
5417,aut,1997,1.356896
5417,aut,1998,0.988172
5417,aut,1999,1.079931
5417,aut,2000,1.249933
5417,aut,2001,1.130037
5417,aut,2002,1.118702
5417,aut,2003,1.089642
5417,aut,2004,0.952557
5417,aut,2005,1.281866
5417,aut,2006,1.28382
5417,aut,2007,1.177154
5417,aut,2008,1.229909
5417,aut,2009,1.340489
5417,aut,2010,1.577318
5417,aut,2011,1.838724
5417,aut,2012,1.894331
5417,aut,2013,1.806776
5417,aut,2014,1.82885
5417,aut,2015,1.621204
5417,aut,2016,1.751156
5417,aut,1962,0.443011
5417,aut,1963,0.349856
5417,aut,1964,0.325806
5417,aut,1965,0.331177
5417,aut,1966,0.255751
5417,aut,1967,0.278862
5417,aut,1968,0.308717
5417,aut,1969,0.27729
5417,aut,1970,0.275139
5417,aut,1971,0.333696
5417,aut,1972,0.458993
5417,aut,1973,0.497301
5417,aut,1974,0.645617
5417,aut,1975,0.859957
5417,aut,1976,0.925146
5417,aut,1977,0.985851
5417,aut,1978,1.123474
5417,aut,1979,1.273952
5417,aut,1980,1.211108
5417,aut,1981,1.215501
5417,aut,1982,1.206697
5417,aut,1983,1.113234
5417,aut,1984,1.107801
5417,aut,1985,1.183903
5417,aut,1986,1.16011
5417,aut,1987,1.123434
5417,bdi,1988,0
5417,bdi,1989,0.007588
5417,bdi,1990,0.018194
5417,bdi,1991,0
5417,bdi,1992,0.014164
5417,bdi,1993,0.018935
5417,bdi,1994,0
5417,bdi,1995,0
5417,bdi,1996,0.002392
5417,bdi,1997,0.004344
5417,bdi,1998,0
5417,bdi,1999,0
5417,bdi,2000,0
5417,bdi,2001,0
5417,bdi,2002,0
5417,bdi,2003,0.051032
5417,bdi,2004,0.135477
5417,bdi,2005,0.09365
5417,bdi,2006,0.21955
5417,bdi,2007,0.050509
5417,bdi,2008,0.030374
5417,bdi,2009,0.001238
5417,bdi,2010,0.337566
5417,bdi,2011,0.006866
5417,bdi,2012,0.000673
5417,bdi,2013,0.000447
5417,bdi,2014,0.090759
5417,bdi,2015,0.002514
5417,bdi,2016,0.000072
5417,bdi,1962,0
5417,bdi,1963,0
5417,bdi,1964,0
5417,bdi,1965,0
5417,bdi,1966,0
5417,bdi,1967,0
5417,bdi,1968,0
5417,bdi,1969,0.011751
5417,bdi,1970,0
5417,bdi,1971,0
5417,bdi,1972,0
5417,bdi,1973,0
5417,bdi,1974,0
5417,bdi,1975,0
5417,bdi,1976,0.009175
5417,bdi,1977,0.027288
5417,bdi,1978,0
5417,bdi,1979,0
5417,bdi,1980,0.000777
5417,bdi,1981,0
5417,bdi,1982,0
5417,bdi,1983,0
5417,bdi,1984,0.003232
5417,bdi,1985,0
5417,bdi,1986,0.001714
5417,bdi,1987,0.010413
5417,bel,1988,1.530167
5417,bel,1989,1.561582
5417,bel,1990,1.608277
5417,bel,1991,1.688088
5417,bel,1992,1.733626
5417,bel,1993,1.767234
5417,bel,1994,1.779759
5417,bel,1995,1.798103
5417,bel,1996,1.843342
5417,bel,1997,1.829508
5417,bel,1998,1.730597
5417,bel,1999,1.829259
5417,bel,2000,2.009421
5417,bel,2001,2.194952
5417,bel,2002,3.750585
5417,bel,2003,3.584054
5417,bel,2004,3.842739
5417,bel,2005,3.766587
5417,bel,2006,3.56703
5417,bel,2007,4.006635
5417,bel,2008,3.764047
5417,bel,2009,3.586313
5417,bel,2010,3.661411
5417,bel,2011,3.238682
5417,bel,2012,3.118312
5417,bel,2013,3.241516
5417,bel,2014,3.05289
5417,bel,2015,2.820388
5417,bel,2016,2.841882
5417,bel,1962,0.785146
5417,bel,1963,0.738891
5417,bel,1964,0.668984
5417,bel,1965,0.684161
5417,bel,1966,0.698505
5417,bel,1967,0.846703
5417,bel,1968,0.8885
5417,bel,1969,0.863688
5417,bel,1970,0.914919
5417,bel,1971,1.05501
5417,bel,1972,1.083589
5417,bel,1973,1.110966
5417,bel,1974,1.423693
5417,bel,1975,1.501982
5417,bel,1976,1.502832
5417,bel,1977,1.573216
5417,bel,1978,1.584444
5417,bel,1979,1.647238
5417,bel,1980,1.643057
5417,bel,1981,1.740949
5417,bel,1982,1.754306
5417,bel,1983,1.754553
5417,bel,1984,1.82155
5417,bel,1985,1.714822
5417,bel,1986,1.530172
5417,bel,1987,1.439353
5417,ben,1988,0.104467
5417,ben,1989,0.116199
5417,ben,1990,0.180588
5417,ben,1991,0.19263
5417,ben,1992,0
5417,ben,1993,0.032617
5417,ben,1994,0.007078
5417,ben,1995,0.121633
5417,ben,1996,0.422738
5417,ben,1997,0.118892
5417,ben,1998,0.075713
5417,ben,1999,0.064099
5417,ben,2000,0.051956
5417,ben,2001,0.021986
5417,ben,2002,0.023529
5417,ben,2003,0.036074
5417,ben,2004,0.015082
5417,ben,2005,0.132485
5417,ben,2006,0.037378
5417,ben,2007,0.074959
5417,ben,2008,0.111133
5417,ben,2009,0.101856
5417,ben,2010,0.108318
5417,ben,2011,0.105492
5417,ben,2012,0.153906
5417,ben,2013,0.044048
5417,ben,2014,0.06933
5417,ben,2015,0.02559
5417,ben,2016,0.01584
5417,ben,1962,0
5417,ben,1963,0.056167
5417,ben,1964,0.012768
5417,ben,1965,0.043784
5417,ben,1966,0.008046
5417,ben,1967,0.009847
5417,ben,1968,0.12628
5417,ben,1969,0.042398
5417,ben,1970,0.011226
5417,ben,1971,0.032923
5417,ben,1972,0.024307
5417,ben,1973,0.007738
5417,ben,1974,0.016301
5417,ben,1975,0
5417,ben,1976,0
5417,ben,1977,0.027723
5417,ben,1978,0.047886
5417,ben,1979,0.008154
5417,ben,1980,0.125833
5417,ben,1981,0.024499
5417,ben,1982,0
5417,ben,1983,0.008537
5417,ben,1984,0.004948
5417,ben,1985,0.015073
5417,ben,1986,0.299745
5417,ben,1987,0.465707
5417,bfa,1988,0
5417,bfa,1989,0.041519
5417,bfa,1990,0.006682
5417,bfa,1991,0.006825
5417,bfa,1992,0
5417,bfa,1993,0.072013
5417,bfa,1994,0.011457
5417,bfa,1995,0.032297
5417,bfa,1996,0.129194
5417,bfa,1997,0.338745
5417,bfa,1998,0.067806
5417,bfa,1999,0.209764
5417,bfa,2000,0.502217
5417,bfa,2001,0.217614
5417,bfa,2002,0.479791
5417,bfa,2003,0.026976
5417,bfa,2004,0.007008
5417,bfa,2005,0.005487
5417,bfa,2006,0.008965
5417,bfa,2007,0.037314
5417,bfa,2008,0.007797
5417,bfa,2009,0.023913
5417,bfa,2010,0.014039
5417,bfa,2011,0.008958
5417,bfa,2012,0.005751
5417,bfa,2013,0.00631
5417,bfa,2014,0.005481
5417,bfa,2015,0.007482
5417,bfa,2016,0.021145
5417,bfa,1962,0
5417,bfa,1963,0.054569
5417,bfa,1964,0.01807
5417,bfa,1965,0
5417,bfa,1966,0
5417,bfa,1967,0.030505
5417,bfa,1968,0.005939
5417,bfa,1969,0.003923
5417,bfa,1970,0
5417,bfa,1971,0.018341
5417,bfa,1972,0
5417,bfa,1973,0
5417,bfa,1974,0
5417,bfa,1975,0
5417,bfa,1976,0.002807
5417,bfa,1977,0.006969
5417,bfa,1978,0
5417,bfa,1979,0
5417,bfa,1980,0
5417,bfa,1981,0
5417,bfa,1982,0.003463
5417,bfa,1983,0
5417,bfa,1984,0.018864
5417,bfa,1985,0
5417,bfa,1986,0
5417,bfa,1987,0
5417,bgd,1988,0.014816
5417,bgd,1989,0.015928
5417,bgd,1990,0.021906
5417,bgd,1991,0.064591
5417,bgd,1992,0.018362
5417,bgd,1993,0.068245
5417,bgd,1994,0.006193
5417,bgd,1995,0.008347
5417,bgd,1996,0.012711
5417,bgd,1997,0.037212
5417,bgd,1998,0.020851
5417,bgd,1999,0.031505
5417,bgd,2000,0.027274
5417,bgd,2001,0.041772
5417,bgd,2002,0.064233
5417,bgd,2003,0.042118
5417,bgd,2004,0.108776
5417,bgd,2005,0.089903
5417,bgd,2006,0.120628
5417,bgd,2007,0.145171
5417,bgd,2008,0.126166
5417,bgd,2009,0.09125
5417,bgd,2010,0.088366
5417,bgd,2011,0.099627
5417,bgd,2012,0.107568
5417,bgd,2013,0.11163
5417,bgd,2014,0.091105
5417,bgd,2015,0.090697
5417,bgd,2016,0.094276
5417,bgd,1972,0
5417,bgd,1973,0.000695
5417,bgd,1974,0.052621
5417,bgd,1975,0.148461
5417,bgd,1976,0
5417,bgd,1977,0.018446
5417,bgd,1978,0.005536
5417,bgd,1979,0.01032
5417,bgd,1980,0.00392
5417,bgd,1981,0.011833
5417,bgd,1982,0.013227
5417,bgd,1983,0.085905
5417,bgd,1984,0.011739
5417,bgd,1985,0.02016
5417,bgd,1986,0.025896
5417,bgd,1987,0.015281
5417,bgr,1988,1.838399
5417,bgr,1989,2.502016
5417,bgr,1990,1.44986
5417,bgr,1991,1.492221
5417,bgr,1992,0.47213
5417,bgr,1993,0.57238
5417,bgr,1994,0.746228
5417,bgr,1995,0.490446
5417,bgr,1996,1.765182
5417,bgr,1997,2.00322
5417,bgr,1998,1.178548
5417,bgr,1999,0.886792
5417,bgr,2000,0.861386
5417,bgr,2001,0.720444
5417,bgr,2002,0.587207
5417,bgr,2003,0.588763
5417,bgr,2004,0.536875
5417,bgr,2005,0.482674
5417,bgr,2006,0.508946
5417,bgr,2007,0.584023
5417,bgr,2008,0.694098
5417,bgr,2009,0.818566
5417,bgr,2010,1.027408
5417,bgr,2011,1.142721
5417,bgr,2012,1.45326
5417,bgr,2013,1.572202
5417,bgr,2014,1.758773
5417,bgr,2015,1.443382
5417,bgr,2016,1.262213
5417,bgr,1962,0.029662
5417,bgr,1963,0.177026
5417,bgr,1964,0.132352
5417,bgr,1965,0.244771
5417,bgr,1966,0.675633
5417,bgr,1967,0.138076
5417,bgr,1968,0.516859
5417,bgr,1969,0.40219
5417,bgr,1970,0.756629
5417,bgr,1971,0.541653
5417,bgr,1972,0.338816
5417,bgr,1973,0.377021
5417,bgr,1974,0.339777
5417,bgr,1975,0.910669
5417,bgr,1976,0.483389
5417,bgr,1977,0.484578
5417,bgr,1978,5.577297
5417,bgr,1979,7.945581
5417,bgr,1980,9.840856
5417,bgr,1981,9.24507
5417,bgr,1982,7.128954
5417,bgr,1983,6.264409
5417,bgr,1984,5.388913
5417,bgr,1985,3.963188
5417,bgr,1986,2.826156
5417,bgr,1987,4.610095
5417,bhr,1988,0.018881
5417,bhr,1989,0.067484
5417,bhr,1990,0.004347
5417,bhr,1991,0.02567
5417,bhr,1992,0.008612
5417,bhr,1993,0.020898
5417,bhr,1994,0.037801
5417,bhr,1995,0.033142
5417,bhr,1996,0.026963
5417,bhr,1997,0.005849
5417,bhr,1998,0.002581
5417,bhr,1999,0.012144
5417,bhr,2000,0.008862
5417,bhr,2001,0.009769
5417,bhr,2002,0.001772
5417,bhr,2003,0.007039
5417,bhr,2004,0.003284
5417,bhr,2005,0.005118
5417,bhr,2006,0.01734
5417,bhr,2007,0.003567
5417,bhr,2008,0.001438
5417,bhr,2009,0.002511
5417,bhr,2010,0.001498
5417,bhr,2011,0.000767
5417,bhr,2012,0.000874
5417,bhr,2013,0.003482
5417,bhr,2014,0.001068
5417,bhr,2015,0.001623
5417,bhr,2016,0.001404
5417,bhr,1962,0.000856
5417,bhr,1963,0
5417,bhr,1964,0.004362
5417,bhr,1965,0
5417,bhr,1966,0.001075
5417,bhr,1967,0.003073
5417,bhr,1968,0.013105
5417,bhr,1969,0.038697
5417,bhr,1970,0.001632
5417,bhr,1971,0
5417,bhr,1972,0.000361
5417,bhr,1973,0.006885
5417,bhr,1974,0.009281
5417,bhr,1975,0.007606
5417,bhr,1976,0.002803
5417,bhr,1977,0.034743
5417,bhr,1978,0
5417,bhr,1979,0
5417,bhr,1980,0
5417,bhr,1981,0
5417,bhr,1982,0.001813
5417,bhr,1983,0.007722
5417,bhr,1984,0.003056
5417,bhr,1985,0.838864
5417,bhr,1986,0.32212
5417,bhr,1987,0.007562
5417,bhs,1988,37.48057
5417,bhs,1989,0.116397
5417,bhs,1990,0.123319
5417,bhs,1991,0.120077
5417,bhs,1992,0.43036
5417,bhs,1993,0.03611
5417,bhs,1994,0.155788
5417,bhs,1995,0.230728
5417,bhs,1996,0.05595
5417,bhs,1997,0.015794
5417,bhs,1998,0.160224
5417,bhs,1999,0.006
5417,bhs,2000,0.089513
5417,bhs,2001,0.022459
5417,bhs,2002,0.03304
5417,bhs,2003,0.038047
5417,bhs,2004,0.013691
5417,bhs,2005,0.128689
5417,bhs,2006,0.275474
5417,bhs,2007,0.06743
5417,bhs,2008,0.031603
5417,bhs,2009,0.021698
5417,bhs,2010,0.003984
5417,bhs,2011,0.015564
5417,bhs,2012,0.007003
5417,bhs,2013,0.006793
5417,bhs,2014,0.024499
5417,bhs,2015,0.004899
5417,bhs,2016,0.23878
5417,bhs,1962,0.990635
5417,bhs,1963,0.48506
5417,bhs,1964,0.451119
5417,bhs,1965,0.034083
5417,bhs,1966,0.006067
5417,bhs,1967,0
5417,bhs,1968,0.069281
5417,bhs,1969,0.071789
5417,bhs,1970,0.15905
5417,bhs,1971,0.058553
5417,bhs,1972,0.269935
5417,bhs,1973,0.188164
5417,bhs,1974,0.160247
5417,bhs,1975,0.042682
5417,bhs,1976,0.079989
5417,bhs,1977,0.129399
5417,bhs,1978,2.166765
5417,bhs,1979,1.556653
5417,bhs,1980,2.100494
5417,bhs,1981,3.022493
5417,bhs,1982,4.18506
5417,bhs,1983,4.20819
5417,bhs,1984,6.002254
5417,bhs,1985,12.212961
5417,bhs,1986,27.34611
5417,bhs,1987,22.196482
5417,blz,1988,0.001292
5417,blz,1989,0.068919
5417,blz,1990,0.002459
5417,blz,1991,0.077302
5417,blz,1992,0.005156
5417,blz,1993,0.000912
5417,blz,1994,0.009988
5417,blz,1995,0.083173
5417,blz,1996,0.011204
5417,blz,1997,0.041903
5417,blz,1998,0.059064
5417,blz,1999,0.507011
5417,blz,2000,0.125229
5417,blz,2001,0.774816
5417,blz,2002,0.618589
5417,blz,2003,0.111022
5417,blz,2004,0.017401
5417,blz,2005,0.026369
5417,blz,2006,0.000843
5417,blz,2007,0.010527
5417,blz,2008,0.011048
5417,blz,2009,0.00287
5417,blz,2010,0.010392
5417,blz,2011,0.006893
5417,blz,2012,0.002253
5417,blz,2013,0.0034
5417,blz,2014,0.122437
5417,blz,2015,0.00636
5417,blz,2016,0.056332
5417,blz,1962,0
5417,blz,1963,0
5417,blz,1964,0
5417,blz,1967,0
5417,blz,1968,0
5417,blz,1969,0
5417,blz,1970,0
5417,blz,1971,0.192092
5417,blz,1972,0
5417,blz,1973,0
5417,blz,1974,0.018869
5417,blz,1975,0
5417,blz,1976,0
5417,blz,1977,0.035745
5417,blz,1978,0.15516
5417,blz,1979,0.012958
5417,blz,1980,0
5417,blz,1981,0.036173
5417,blz,1982,0
5417,blz,1983,0
5417,blz,1984,0
5417,blz,1985,0.005606
5417,blz,1986,0
5417,blz,1987,0.001065
5417,bmu,1988,0.786178
5417,bmu,1989,0.878522
5417,bmu,1990,0.532496
5417,bmu,1991,0.822476
5417,bmu,1992,0.664081
5417,bmu,1993,0.904527
5417,bmu,1994,0.745327
5417,bmu,1995,0.697581
5417,bmu,1996,0.591569
5417,bmu,1997,0.335793
5417,bmu,1998,1.085974
5417,bmu,1999,0.68108
5417,bmu,2000,2.01045
5417,bmu,2001,0.634692
5417,bmu,2002,1.772435
5417,bmu,2003,0.98208
5417,bmu,2004,1.330727
5417,bmu,2005,2.115142
5417,bmu,2006,0.498543
5417,bmu,2007,0.589999
5417,bmu,2008,0.102873
5417,bmu,2009,0.031623
5417,bmu,2010,0.1768
5417,bmu,2011,3.469515
5417,bmu,2012,19.069513
5417,bmu,2013,2.86983
5417,bmu,2014,8.303326
5417,bmu,2015,0.17449
5417,bmu,2016,0.194304
5417,bmu,1962,4.088948
5417,bmu,1963,2.676728
5417,bmu,1964,0.813889
5417,bmu,1965,0.669355
5417,bmu,1966,20.286644
5417,bmu,1967,29.429066
5417,bmu,1968,29.321299
5417,bmu,1969,19.159418
5417,bmu,1970,17.031368
5417,bmu,1971,18.691574
5417,bmu,1972,18.0282
5417,bmu,1973,5.9739
5417,bmu,1974,5.928173
5417,bmu,1975,12.257485
5417,bmu,1976,9.567277
5417,bmu,1977,11.360558
5417,bmu,1978,1.3711
5417,bmu,1979,1.961283
5417,bmu,1980,4.498915
5417,bmu,1981,9.703688
5417,bmu,1982,19.078127
5417,bmu,1983,28.453846
5417,bmu,1984,12.325812
5417,bmu,1985,24.0699
5417,bmu,1986,4.999006
5417,bmu,1987,2.456999
5417,bol,1988,0.002656
5417,bol,1989,0
5417,bol,1990,0.015068
5417,bol,1991,0.037519
5417,bol,1992,0.004338
5417,bol,1993,0.02682
5417,bol,1994,0.022903
5417,bol,1995,0.109725
5417,bol,1996,0.029351
5417,bol,1997,0.018451
5417,bol,1998,0.039556
5417,bol,1999,0.129719
5417,bol,2000,0.075381
5417,bol,2001,0.056412
5417,bol,2002,0.033937
5417,bol,2003,0.03538
5417,bol,2004,0.030195
5417,bol,2005,0.025738
5417,bol,2006,0.017639
5417,bol,2007,0.017518
5417,bol,2008,0.015302
5417,bol,2009,0.013579
5417,bol,2010,0.01095
5417,bol,2011,0.014102
5417,bol,2012,0.010754
5417,bol,2013,0.012863
5417,bol,2014,0.01233
5417,bol,2015,0.012621
5417,bol,2016,0.016363
5417,bol,1962,0
5417,bol,1963,0
5417,bol,1964,0
5417,bol,1965,0.063591
5417,bol,1966,0
5417,bol,1967,0
5417,bol,1968,0
5417,bol,1969,0
5417,bol,1970,0
5417,bol,1971,0
5417,bol,1972,0
5417,bol,1973,0
5417,bol,1974,0
5417,bol,1975,0
5417,bol,1976,0
5417,bol,1977,0.008534
5417,bol,1978,0.000853
5417,bol,1979,0.000155
5417,bol,1980,0
5417,bol,1981,0.001073
5417,bol,1982,0
5417,bol,1983,0.001105
5417,bol,1984,0.000227
5417,bol,1985,0
5417,bol,1986,0
5417,bol,1987,0.000205
5417,bra,1988,0.073318
5417,bra,1989,0.081362
5417,bra,1990,0.073485
5417,bra,1991,0.087266
5417,bra,1992,0.086338
5417,bra,1993,0.075879
5417,bra,1994,0.102374
5417,bra,1995,0.152896
5417,bra,1996,0.186637
5417,bra,1997,0.196235
5417,bra,1998,0.220274
5417,bra,1999,0.260272
5417,bra,2000,0.240007
5417,bra,2001,0.191764
5417,bra,2002,0.149395
5417,bra,2003,0.129335
5417,bra,2004,0.10702
5417,bra,2005,0.123552
5417,bra,2006,0.145303
5417,bra,2007,0.148375
5417,bra,2008,0.17129
5417,bra,2009,0.209348
5417,bra,2010,0.253392
5417,bra,2011,0.262778
5417,bra,2012,0.300639
5417,bra,2013,0.32337
5417,bra,2014,0.338778
5417,bra,2015,0.301361
5417,bra,2016,0.264805
5417,bra,1962,0.907679
5417,bra,1963,0.392838
5417,bra,1964,0.062379
5417,bra,1965,0.057844
5417,bra,1966,0.015625
5417,bra,1967,0.026635
5417,bra,1968,0.021993
5417,bra,1969,0.024009
5417,bra,1970,0.043281
5417,bra,1971,0.042618
5417,bra,1972,0.041352
5417,bra,1973,0.050081
5417,bra,1974,0.089676
5417,bra,1975,0.067331
5417,bra,1976,0.077658
5417,bra,1977,0.068546
5417,bra,1978,0.055137
5417,bra,1979,0.047353
5417,bra,1980,0.035
5417,bra,1981,0.059333
5417,bra,1982,0.119828
5417,bra,1983,0.097277
5417,bra,1984,0.14098
5417,bra,1985,0.116996
5417,bra,1986,0.132919
5417,bra,1987,0.140781
5417,brb,1988,0.752667
5417,brb,1989,0.879197
5417,brb,1990,1.092796
5417,brb,1991,1.032647
5417,brb,1992,0.685086
5417,brb,1993,1.293058
5417,brb,1994,1.008866
5417,brb,1995,1.229676
5417,brb,1996,0.918225
5417,brb,1997,1.316818
5417,brb,1998,0.919989
5417,brb,1999,1.139338
5417,brb,2000,11.422357
5417,brb,2001,0.715939
5417,brb,2002,0.587228
5417,brb,2003,0.826121
5417,brb,2004,0.788711
5417,brb,2005,2.748029
5417,brb,2006,3.553511
5417,brb,2007,4.724235
5417,brb,2008,0.793434
5417,brb,2009,0.821129
5417,brb,2010,0.842687
5417,brb,2011,0.492871
5417,brb,2012,0.822804
5417,brb,2013,0.967546
5417,brb,2014,0.882336
5417,brb,2015,2.19035
5417,brb,2016,1.13633
5417,brb,1962,0.019146
5417,brb,1963,0.016679
5417,brb,1964,0
5417,brb,1965,0.030505
5417,brb,1966,0.003394
5417,brb,1967,0.054325
5417,brb,1968,0.091878
5417,brb,1969,0.170524
5417,brb,1970,0.208573
5417,brb,1971,0.229947
5417,brb,1972,0.699123
5417,brb,1973,0.696524
5417,brb,1974,0.861681
5417,brb,1975,0.883231
5417,brb,1976,0.8041
5417,brb,1977,1.664793
5417,brb,1978,0.021889
5417,brb,1979,0.429016
5417,brb,1980,0.389729
5417,brb,1981,0.544697
5417,brb,1982,0.526423
5417,brb,1983,0.348711
5417,brb,1984,0.305346
5417,brb,1985,0.513445
5417,brb,1986,0.377849
5417,brb,1987,0.654926
5417,brn,1988,0.000374
5417,brn,1989,0.001359
5417,brn,1990,0.000615
5417,brn,1991,0.000783
5417,brn,1992,0.007769
5417,brn,1993,0.0038
5417,brn,1994,0.0029
5417,brn,1995,0.001954
5417,brn,1996,0.001432
5417,brn,1997,0.00458
5417,brn,1998,0.003318
5417,brn,1999,0.006743
5417,brn,2000,0.002626
5417,brn,2001,0.002692
5417,brn,2002,0.001652
5417,brn,2003,0.001146
5417,brn,2004,0.001056
5417,brn,2005,0.001224
5417,brn,2006,0.000881
5417,brn,2007,0.00073
5417,brn,2008,0.000655
5417,brn,2009,0.00057
5417,brn,2010,0.000624
5417,brn,2011,0.001796
5417,brn,2012,0.000506
5417,brn,2013,0.001267
5417,brn,2014,0.001647
5417,brn,2015,0.003369
5417,brn,2016,0.000561
5417,brn,1962,0
5417,brn,1963,0
5417,brn,1964,0.028197
5417,brn,1965,0.025047
5417,brn,1966,0.026831
5417,brn,1967,0.018852
5417,brn,1968,0.016973
5417,brn,1969,0.034949
5417,brn,1970,0.042227
5417,brn,1971,0.017788
5417,brn,1972,0.024164
5417,brn,1973,0.008596
5417,brn,1974,0.005438
5417,brn,1975,0.000535
5417,brn,1976,0.001373
5417,brn,1977,0.00023
5417,brn,1978,0
5417,brn,1979,0.000705
5417,brn,1980,0.000043
5417,brn,1981,0.001232
5417,brn,1982,0.000517
5417,brn,1983,0.000472
5417,brn,1984,0.00193
5417,brn,1985,0
5417,brn,1986,0.000883
5417,brn,1987,0.000919
5417,btn,1988,0.382796
5417,btn,1989,0
5417,btn,1990,0
5417,btn,1991,0
5417,btn,1992,0
5417,btn,1993,0.021494
5417,btn,1994,0
5417,btn,1995,0
5417,btn,1996,0
5417,btn,1997,0.15164
5417,btn,1998,0
5417,btn,1999,0
5417,btn,2000,0.558253
5417,btn,2001,0
5417,btn,2002,0.353969
5417,btn,2003,0
5417,btn,2004,0
5417,btn,2005,0.060436
5417,btn,2006,0.00103
5417,btn,2007,0.002235
5417,btn,2008,0.001095
5417,btn,2009,0.000981
5417,btn,2010,0
5417,btn,2011,0.019143
5417,btn,2012,0.000819
5417,btn,2013,0.016978
5417,btn,2014,0.194466
5417,btn,2015,0.142222
5417,btn,2016,0.000033
5417,btn,1965,0
5417,btn,1969,0
5417,btn,1970,0
5417,btn,1971,0
5417,btn,1972,30.919624
5417,btn,1973,16.197441
5417,btn,1974,6.85716
5417,btn,1975,23.171083
5417,btn,1976,0
5417,btn,1977,0
5417,btn,1978,0
5417,btn,1979,0
5417,btn,1980,0
5417,btn,1981,0
5417,btn,1982,0.520681
5417,btn,1983,0.48673
5417,btn,1984,0
5417,btn,1985,0
5417,btn,1986,1.921176
5417,btn,1987,10.736859
5417,caf,1988,0
5417,caf,1989,0
5417,caf,1990,0.000995
5417,caf,1991,0
5417,caf,1992,0
5417,caf,1993,0.058175
5417,caf,1994,0.028928
5417,caf,1995,0.004776
5417,caf,1996,0.026741
5417,caf,1997,0.007285
5417,caf,1998,0
5417,caf,1999,0.009011
5417,caf,2000,0.011247
5417,caf,2001,0.339137
5417,caf,2002,0.001139
5417,caf,2003,0.092618
5417,caf,2004,0.005277
5417,caf,2005,0.012798
5417,caf,2006,0.157819
5417,caf,2007,0.0591
5417,caf,2008,0.109455
5417,caf,2009,0.006249
5417,caf,2010,0.002448
5417,caf,2011,0.029588
5417,caf,2012,0.053538
5417,caf,2013,0.004786
5417,caf,2014,0.006661
5417,caf,2015,0.010018
5417,caf,2016,0.004475
5417,caf,1962,0
5417,caf,1963,0
5417,caf,1964,0
5417,caf,1965,0
5417,caf,1966,0
5417,caf,1967,0
5417,caf,1968,0
5417,caf,1969,0
5417,caf,1970,0
5417,caf,1971,0.001415
5417,caf,1972,0
5417,caf,1973,0.01238
5417,caf,1974,0.011078
5417,caf,1975,0.005353
5417,caf,1976,0.009835
5417,caf,1977,0
5417,caf,1978,0
5417,caf,1979,0.009219
5417,caf,1980,0
5417,caf,1981,0.006602
5417,caf,1982,0
5417,caf,1983,0
5417,caf,1984,0
5417,caf,1985,0.015454
5417,caf,1986,0.016684
5417,caf,1987,0
5417,can,1988,0.111358
5417,can,1989,0.134501
5417,can,1990,0.135693
5417,can,1991,0.136402
5417,can,1992,0.169008
5417,can,1993,0.201458
5417,can,1994,0.262999
5417,can,1995,0.242326
5417,can,1996,0.261579
5417,can,1997,0.320845
5417,can,1998,0.300115
5417,can,1999,0.254038
5417,can,2000,0.263333
5417,can,2001,0.275988
5417,can,2002,0.248016
5417,can,2003,0.377651
5417,can,2004,0.395498
5417,can,2005,0.405831
5417,can,2006,0.52052
5417,can,2007,0.602618
5417,can,2008,0.588314
5417,can,2009,0.653733
5417,can,2010,0.525272
5417,can,2011,0.545307
5417,can,2012,0.603099
5417,can,2013,0.666177
5417,can,2014,0.71339
5417,can,2015,0.785583
5417,can,2016,0.863066
5417,can,1962,0.114891
5417,can,1963,0.12945
5417,can,1964,0.102126
5417,can,1965,0.116973
5417,can,1966,0.127921
5417,can,1967,0.101112
5417,can,1968,0.09058
5417,can,1969,0.104559
5417,can,1970,0.112523
5417,can,1971,0.097809
5417,can,1972,0.116422
5417,can,1973,0.111209
5417,can,1974,0.129034
5417,can,1975,0.113118
5417,can,1976,0.118456
5417,can,1977,0.144683
5417,can,1978,0.122715
5417,can,1979,0.146079
5417,can,1980,0.138991
5417,can,1981,0.130602
5417,can,1982,0.167965
5417,can,1983,0.161822
5417,can,1984,0.109402
5417,can,1985,0.096304
5417,can,1986,0.111093
5417,can,1987,0.110211
5417,cck,1988,2.736393
5417,cck,1989,0.66685
5417,cck,1990,0
5417,cck,1991,0
5417,cck,1992,0.409432
5417,cck,1993,0.534436
5417,cck,1994,1.089149
5417,cck,1995,0.008454
5417,cck,1996,0.228613
5417,cck,1997,3.161274
5417,cck,1998,0
5417,cck,1999,0.73174
5417,cck,2000,0
5417,cck,2001,0
5417,cck,2002,0.902705
5417,cck,2003,0.023146
5417,cck,2004,0
5417,cck,2005,0
5417,cck,2006,0
5417,cck,2007,0.130892
5417,cck,2008,0
5417,cck,2009,0
5417,cck,2010,0
5417,cck,2011,0.447599
5417,cck,2012,0
5417,cck,2013,0
5417,cck,2014,0.049538
5417,cck,2015,0
5417,cck,2016,0
5417,cck,1971,0
5417,cck,1972,0
5417,cck,1973,0
5417,cck,1974,0.001435
5417,cck,1975,0
5417,cck,1976,0
5417,cck,1977,0
5417,cck,1978,0
5417,cck,1979,0
5417,cck,1980,0
5417,cck,1981,0
5417,cck,1982,0
5417,cck,1983,0
5417,cck,1984,0.435322
5417,cck,1985,0.450144
5417,cck,1986,0
5417,cck,1987,0
5417,che,1988,6.212839
5417,che,1989,6.533129
5417,che,1990,6.59297
5417,che,1991,6.473795
5417,che,1992,6.260238
5417,che,1993,6.243002
5417,che,1994,6.078347
5417,che,1995,6.153904
5417,che,1996,6.609874
5417,che,1997,6.249854
5417,che,1998,6.023463
5417,che,1999,5.983753
5417,che,2000,5.964508
5417,che,2001,5.504198
5417,che,2002,4.439644
5417,che,2003,4.406665
5417,che,2004,4.574465
5417,che,2005,4.997846
5417,che,2006,5.357991
5417,che,2007,5.042522
5417,che,2008,5.334514
5417,che,2009,4.905502
5417,che,2010,5.363072
5417,che,2011,5.50051
5417,che,2012,5.395933
5417,che,2013,4.976815
5417,che,2014,5.692194
5417,che,2015,5.018039
5417,che,2016,5.375841
5417,che,1962,8.327254
5417,che,1963,8.386538
5417,che,1964,7.453185
5417,che,1965,7.453433
5417,che,1966,7.3526
5417,che,1967,7.022756
5417,che,1968,6.751525
5417,che,1969,5.985197
5417,che,1970,5.799446
5417,che,1971,5.865727
5417,che,1972,5.90784
5417,che,1973,6.012952
5417,che,1974,7.438652
5417,che,1975,7.011921
5417,che,1976,6.494072
5417,che,1977,6.077583
5417,che,1978,5.419471
5417,che,1979,6.057051
5417,che,1980,6.024961
5417,che,1981,5.70268
5417,che,1982,5.810859
5417,che,1983,5.674564
5417,che,1984,5.734975
5417,che,1985,5.428976
5417,che,1986,5.224341
5417,che,1987,5.482883
5417,chl,1988,0.033962
5417,chl,1989,0.055785
5417,chl,1990,0.140402
5417,chl,1991,0.201913
5417,chl,1992,0.131505
5417,chl,1993,0.18753
5417,chl,1994,0.306682
5417,chl,1995,0.13882
5417,chl,1996,0.143315
5417,chl,1997,0.154201
5417,chl,1998,0.172048
5417,chl,1999,0.140912
5417,chl,2000,0.148288
5417,chl,2001,0.146413
5417,chl,2002,0.121473
5417,chl,2003,0.094646
5417,chl,2004,0.073263
5417,chl,2005,0.067895
5417,chl,2006,0.054854
5417,chl,2007,0.053067
5417,chl,2008,0.068041
5417,chl,2009,0.069319
5417,chl,2010,0.074143
5417,chl,2011,0.090405
5417,chl,2012,0.104091
5417,chl,2013,0.111452
5417,chl,2014,0.123098
5417,chl,2015,0.128363
5417,chl,2016,0.112212
5417,chl,1962,0.09599
5417,chl,1963,0.049465
5417,chl,1964,0.032315
5417,chl,1965,0.019855
5417,chl,1966,0.019952
5417,chl,1967,0.009132
5417,chl,1968,0.006507
5417,chl,1969,0.016125
5417,chl,1970,0.004551
5417,chl,1971,0.019113
5417,chl,1972,0.001153
5417,chl,1973,0.00286
5417,chl,1974,0.00051
5417,chl,1975,0.017527
5417,chl,1976,0.007165
5417,chl,1977,0.00782
5417,chl,1978,0.039909
5417,chl,1979,0.015756
5417,chl,1980,0.010652
5417,chl,1981,0.035079
5417,chl,1982,0.040242
5417,chl,1983,0.030638
5417,chl,1984,0.03737
5417,chl,1985,0.021428
5417,chl,1986,0.048462
5417,chl,1987,0.051405
5417,chn,1988,0.417657
5417,chn,1989,0.325437
5417,chn,1990,0.243684
5417,chn,1991,0.18187
5417,chn,1992,0.166626
5417,chn,1993,0.129104
5417,chn,1994,0.10668
5417,chn,1995,0.11119
5417,chn,1996,0.091958
5417,chn,1997,0.071289
5417,chn,1998,0.070707
5417,chn,1999,0.060997
5417,chn,2000,0.063295
5417,chn,2001,0.047198
5417,chn,2002,0.033361
5417,chn,2003,0.028681
5417,chn,2004,0.027449
5417,chn,2005,0.028854
5417,chn,2006,0.02478
5417,chn,2007,0.029691
5417,chn,2008,0.033332
5417,chn,2009,0.03107
5417,chn,2010,0.035778
5417,chn,2011,0.052431
5417,chn,2012,0.058606
5417,chn,2013,0.058772
5417,chn,2014,0.058626
5417,chn,2015,0.057096
5417,chn,2016,0.060645
5417,chn,1962,0.211172
5417,chn,1963,0.136503
5417,chn,1964,0.301238
5417,chn,1965,0.311592
5417,chn,1966,0.345756
5417,chn,1967,0.401011
5417,chn,1968,0.551288
5417,chn,1969,0.471793
5417,chn,1970,0.644188
5417,chn,1971,0.755451
5417,chn,1972,0.955069
5417,chn,1973,0.904101
5417,chn,1974,0.919496
5417,chn,1975,0.940245
5417,chn,1976,1.253858
5417,chn,1977,1.513868
5417,chn,1978,1.756269
5417,chn,1979,1.319517
5417,chn,1980,0.996589
5417,chn,1981,0.875471
5417,chn,1982,0.785736
5417,chn,1983,0.777402
5417,chn,1984,0.58509
5417,chn,1985,0.523488
5417,chn,1986,0.507645
5417,chn,1987,0.368251
5417,civ,1988,0.001715
5417,civ,1989,0.000605
5417,civ,1990,0.000947
5417,civ,1991,0.001152
5417,civ,1992,0.001451
5417,civ,1993,0
5417,civ,1994,0.00122
5417,civ,1995,0.046593
5417,civ,1996,0.047963
5417,civ,1997,0.060397
5417,civ,1998,0.031169
5417,civ,1999,0.007262
5417,civ,2000,0.014288
5417,civ,2001,0.022593
5417,civ,2002,0.014218
5417,civ,2003,0.003249
5417,civ,2004,0.012476
5417,civ,2005,0.015324
5417,civ,2006,0.020397
5417,civ,2007,0.02334
5417,civ,2008,0.020119
5417,civ,2009,0.014389
5417,civ,2010,0.009508
5417,civ,2011,0.008026
5417,civ,2012,0.025877
5417,civ,2013,0.0174
5417,civ,2014,0.008078
5417,civ,2015,0.016491
5417,civ,2016,0.006335
5417,civ,1962,0.099185
5417,civ,1963,0.020313
5417,civ,1964,0.015301
5417,civ,1965,0.026517
5417,civ,1966,0.020186
5417,civ,1967,0.032613
5417,civ,1968,0.056102
5417,civ,1969,0.045636
5417,civ,1970,0.007874
5417,civ,1971,0.005913
5417,civ,1972,0.000313
5417,civ,1973,0.004642
5417,civ,1974,0.014048
5417,civ,1975,0.017619
5417,civ,1976,0.002888
5417,civ,1977,0.000082
5417,civ,1978,0.000101
5417,civ,1979,0.007087
5417,civ,1980,0.000595
5417,civ,1981,0.069818
5417,civ,1982,0.062212
5417,civ,1983,0.037323
5417,civ,1984,0.083572
5417,civ,1985,0.044931
5417,civ,1986,0.000183
5417,civ,1987,0.00166
5417,cmr,1988,0
5417,cmr,1989,0.007683
5417,cmr,1990,0.014694
5417,cmr,1991,0.000085
5417,cmr,1992,0.002938
5417,cmr,1993,0.002005
5417,cmr,1994,0.000783
5417,cmr,1995,0.023674
5417,cmr,1996,0.011939
5417,cmr,1997,0.014676
5417,cmr,1998,0.003585
5417,cmr,1999,0.011946
5417,cmr,2000,0.002026
5417,cmr,2001,0.02736
5417,cmr,2002,0.002342
5417,cmr,2003,0.000737
5417,cmr,2004,0.000535
5417,cmr,2005,0.000123
5417,cmr,2006,0.000522
5417,cmr,2007,0.001454
5417,cmr,2008,0.000592
5417,cmr,2009,0.002998
5417,cmr,2010,0.0017
5417,cmr,2011,0.002975
5417,cmr,2012,0.008086
5417,cmr,2013,0.005789
5417,cmr,2014,0.001288
5417,cmr,2015,0.007655
5417,cmr,2016,0.006592
5417,cmr,1962,0
5417,cmr,1963,0
5417,cmr,1964,0.002069
5417,cmr,1965,0
5417,cmr,1966,0.001916
5417,cmr,1967,0.056115
5417,cmr,1968,0.047474
5417,cmr,1969,0.008323
5417,cmr,1970,0.011404
5417,cmr,1971,0.022448
5417,cmr,1972,0.002245
5417,cmr,1973,0.004146
5417,cmr,1974,0.000496
5417,cmr,1975,0
5417,cmr,1976,0.000655
5417,cmr,1977,0.003935
5417,cmr,1978,0.010032
5417,cmr,1979,0.003657
5417,cmr,1980,0.016726
5417,cmr,1981,0
5417,cmr,1982,0.004398
5417,cmr,1983,0
5417,cmr,1984,0
5417,cmr,1985,0
5417,cmr,1986,0.000702
5417,cmr,1987,0.023349
5417,cod,1988,0
5417,cod,1989,0.00045
5417,cod,1990,0.002515
5417,cod,1991,0
5417,cod,1992,0.000262
5417,cod,1993,0.000377
5417,cod,1994,0.000051
5417,cod,1995,0.005261
5417,cod,1996,0.002429
5417,cod,1997,0.001416
5417,cod,1998,0.001835
5417,cod,1999,0.008763
5417,cod,2000,0.010357
5417,cod,2001,0.02612
5417,cod,2002,0.059528
5417,cod,2003,0.011365
5417,cod,2004,0.00978
5417,cod,2005,0.007562
5417,cod,2006,0.009524
5417,cod,2007,0.023501
5417,cod,2008,0.004005
5417,cod,2009,0.011075
5417,cod,2010,0.007605
5417,cod,2011,0.012107
5417,cod,2012,0.004495
5417,cod,2013,0.004482
5417,cod,2014,0.001138
5417,cod,2015,0.006203
5417,cod,2016,0.001103
5417,cod,1962,0.00059
5417,cod,1963,0
5417,cod,1964,0
5417,cod,1965,0.000349
5417,cod,1966,0.05852
5417,cod,1967,0.002429
5417,cod,1968,0
5417,cod,1969,0
5417,cod,1970,0
5417,cod,1971,0
5417,cod,1972,0.001764
5417,cod,1973,0.001262
5417,cod,1974,0.000518
5417,cod,1975,0.007759
5417,cod,1976,0.002549
5417,cod,1977,0.034393
5417,cod,1978,0.000784
5417,cod,1979,0.009222
5417,cod,1980,0.011083
5417,cod,1981,0.001954
5417,cod,1982,0.000458
5417,cod,1983,0.000446
5417,cod,1984,0.000138
5417,cod,1985,0.000376
5417,cod,1986,0.000075
5417,cod,1987,0.020157
5417,cog,1988,0.002054
5417,cog,1989,0.001864
5417,cog,1990,0
5417,cog,1991,0.00346
5417,cog,1992,0.003354
5417,cog,1993,0.013054
5417,cog,1994,0.015497
5417,cog,1995,0
5417,cog,1996,0.000364
5417,cog,1997,0.003317
5417,cog,1998,0.002888
5417,cog,1999,0.005849
5417,cog,2000,0.002157
5417,cog,2001,0.00751
5417,cog,2002,0.00089
5417,cog,2003,0.008231
5417,cog,2004,0.002231
5417,cog,2005,0.024797
5417,cog,2006,0.000209
5417,cog,2007,0.008582
5417,cog,2008,0.001955
5417,cog,2009,0.001779
5417,cog,2010,0.001844
5417,cog,2011,0.003312
5417,cog,2012,0.000684
5417,cog,2013,0.001205
5417,cog,2014,0.000721
5417,cog,2015,0.000978
5417,cog,2016,0.000154
5417,cog,1962,0.009749
5417,cog,1963,0.022074
5417,cog,1964,0
5417,cog,1965,0
5417,cog,1966,0.034083
5417,cog,1967,0
5417,cog,1968,0
5417,cog,1969,0
5417,cog,1970,0.00454
5417,cog,1971,0
5417,cog,1972,0
5417,cog,1973,0
5417,cog,1974,0.026985
5417,cog,1975,0
5417,cog,1976,0
5417,cog,1977,0.003641
5417,cog,1978,0
5417,cog,1979,0.000682
5417,cog,1980,0.001251
5417,cog,1981,0.050415
5417,cog,1982,0
5417,cog,1983,0.00163
5417,cog,1984,0.000224
5417,cog,1985,0.01869
5417,cog,1986,0.002669
5417,cog,1987,0
5417,cok,1988,0
5417,cok,1989,0
5417,cok,1990,0
5417,cok,1991,0
5417,cok,1992,0.339798
5417,cok,1993,0.201507
5417,cok,1994,0.028555
5417,cok,1995,0
5417,cok,1996,0
5417,cok,1997,0
5417,cok,1998,0
5417,cok,1999,3.206828
5417,cok,2000,0
5417,cok,2001,0
5417,cok,2002,0.49193
5417,cok,2003,0
5417,cok,2004,0
5417,cok,2005,0
5417,cok,2006,0
5417,cok,2007,0.026408
5417,cok,2008,0
5417,cok,2009,0.090207
5417,cok,2010,0.323124
5417,cok,2011,0
5417,cok,2012,0
5417,cok,2013,0.0403
5417,cok,2014,0
5417,cok,2015,0
5417,cok,2016,0.003058
5417,cok,1962,0
5417,cok,1966,0
5417,cok,1970,0
5417,cok,1971,0
5417,cok,1972,0
5417,cok,1973,0
5417,cok,1974,0
5417,cok,1975,0
5417,cok,1976,0
5417,cok,1977,0
5417,cok,1978,0
5417,cok,1979,0
5417,cok,1980,0
5417,cok,1981,0
5417,cok,1982,0
5417,cok,1983,0.236665
5417,cok,1984,0.023695
5417,cok,1985,0
5417,cok,1986,0
5417,cok,1987,0
5417,col,1988,0.254709
5417,col,1989,0.256736
5417,col,1990,0.211481
5417,col,1991,0.296171
5417,col,1992,0.298772
5417,col,1993,0.420915
5417,col,1994,0.58264
5417,col,1995,0.807077
5417,col,1996,1.031786
5417,col,1997,1.262423
5417,col,1998,1.225706
5417,col,1999,0.956701
5417,col,2000,1.132079
5417,col,2001,1.115984
5417,col,2002,0.821689
5417,col,2003,0.672398
5417,col,2004,0.535662
5417,col,2005,0.502617
5417,col,2006,0.543675
5417,col,2007,0.429906
5417,col,2008,0.392793
5417,col,2009,0.431912
5417,col,2010,0.374131
5417,col,2011,0.349332
5417,col,2012,0.389921
5417,col,2013,0.385072
5417,col,2014,0.438043
5417,col,2015,0.528128
5417,col,2016,0.511244
5417,col,1962,0.144677
5417,col,1963,0.431366
5417,col,1964,0.513877
5417,col,1965,0.424348
5417,col,1966,0.479215
5417,col,1967,0.519591
5417,col,1968,0.508802
5417,col,1969,0.631634
5417,col,1970,0.44606
5417,col,1971,0.568676
5417,col,1972,0.658486
5417,col,1973,0.711832
5417,col,1974,1.029942
5417,col,1975,0.923093
5417,col,1976,0.940137
5417,col,1977,0.711415
5417,col,1978,0.547414
5417,col,1979,0.490897
5417,col,1980,0.460559
5417,col,1981,0.772631
5417,col,1982,0.675119
5417,col,1983,0.700692
5417,col,1984,0.64564
5417,col,1985,0.791588
5417,col,1986,0.398246
5417,col,1987,0.44076
5417,com,1988,0
5417,com,1989,0.151414
5417,com,1990,0
5417,com,1991,0
5417,com,1992,0.014452
5417,com,1993,0
5417,com,1994,0
5417,com,1995,0.004573
5417,com,1996,0
5417,com,1997,0.005539
5417,com,1998,0
5417,com,1999,0
5417,com,2000,0
5417,com,2001,0
5417,com,2002,0
5417,com,2003,0
5417,com,2004,0
5417,com,2005,0.048194
5417,com,2006,0.099542
5417,com,2007,0.019099
5417,com,2008,0
5417,com,2009,0.047012
5417,com,2010,0.011218
5417,com,2011,0.005135
5417,com,2012,0
5417,com,2013,0.036251
5417,com,2014,0.037526
5417,com,2015,0.026412
5417,com,2016,0.013189
5417,com,1962,0
5417,com,1963,0
5417,com,1964,0
5417,com,1965,0
5417,com,1966,0
5417,com,1967,0
5417,com,1968,0
5417,com,1969,0
5417,com,1970,2.264744
5417,com,1971,0
5417,com,1972,0
5417,com,1973,0
5417,com,1974,0
5417,com,1975,0
5417,com,1976,0
5417,com,1977,0
5417,com,1978,0
5417,com,1979,0
5417,com,1980,0
5417,com,1981,0
5417,com,1982,0
5417,com,1983,0
5417,com,1984,0
5417,com,1985,0
5417,com,1986,0
5417,com,1987,0.909427
5417,cpv,1988,0.024499
5417,cpv,1989,0.127984
5417,cpv,1990,0
5417,cpv,1991,0.061703
5417,cpv,1992,0.0797
5417,cpv,1993,0.398566
5417,cpv,1994,0.008466
5417,cpv,1995,0
5417,cpv,1996,0
5417,cpv,1997,0.258896
5417,cpv,1998,0.065139
5417,cpv,1999,0.093
5417,cpv,2000,0.378748
5417,cpv,2001,0.032203
5417,cpv,2002,0.010147
5417,cpv,2003,0.327522
5417,cpv,2004,0.030206
5417,cpv,2005,0.008159
5417,cpv,2006,0.003498
5417,cpv,2007,0.006846
5417,cpv,2008,0.006445
5417,cpv,2009,0
5417,cpv,2010,0
5417,cpv,2011,0.020217
5417,cpv,2012,0.027193
5417,cpv,2013,0.163461
5417,cpv,2014,0.043108
5417,cpv,2015,0.044538
5417,cpv,2016,0.079391
5417,cpv,1962,0
5417,cpv,1968,0
5417,cpv,1969,0
5417,cpv,1970,0
5417,cpv,1971,0
5417,cpv,1972,0
5417,cpv,1973,0
5417,cpv,1974,0
5417,cpv,1975,1.188082
5417,cpv,1976,0
5417,cpv,1977,0
5417,cpv,1978,0
5417,cpv,1979,0
5417,cpv,1980,0
5417,cpv,1981,0
5417,cpv,1982,0
5417,cpv,1983,0
5417,cpv,1984,0
5417,cpv,1985,0
5417,cpv,1986,0
5417,cpv,1987,0
5417,cri,1988,1.808573
5417,cri,1989,1.804009
5417,cri,1990,1.675973
5417,cri,1991,1.898555
5417,cri,1992,1.474468
5417,cri,1993,1.500598
5417,cri,1994,1.280567
5417,cri,1995,1.306038
5417,cri,1996,1.191619
5417,cri,1997,1.404546
5417,cri,1998,1.026114
5417,cri,1999,0.818129
5417,cri,2000,1.503063
5417,cri,2001,1.314318
5417,cri,2002,0.908774
5417,cri,2003,0.776174
5417,cri,2004,0.751287
5417,cri,2005,0.506277
5417,cri,2006,0.408512
5417,cri,2007,0.661499
5417,cri,2008,0.741319
5417,cri,2009,0.45431
5417,cri,2010,0.402281
5417,cri,2011,0.421033
5417,cri,2012,0.216863
5417,cri,2013,0.213221
5417,cri,2014,0.201549
5417,cri,2015,0.481081
5417,cri,2016,0.471132
5417,cri,1962,0.007721
5417,cri,1963,0.179181
5417,cri,1964,0.191617
5417,cri,1965,0.787027
5417,cri,1966,1.042681
5417,cri,1967,1.266271
5417,cri,1968,0.891026
5417,cri,1969,1.199013
5417,cri,1970,2.085539
5417,cri,1971,2.715758
5417,cri,1972,2.748658
5417,cri,1973,2.674294
5417,cri,1974,3.425712
5417,cri,1975,3.188389
5417,cri,1976,3.737847
5417,cri,1977,2.837143
5417,cri,1978,0.290752
5417,cri,1979,0.240407
5417,cri,1980,0.465946
5417,cri,1981,0.579466
5417,cri,1982,0.203509
5417,cri,1983,0.362889
5417,cri,1984,0.481703
5417,cri,1985,0.390048
5417,cri,1986,2.13498
5417,cri,1987,2.082058
5417,csk,1988,0.064028
5417,csk,1989,0.260797
5417,csk,1990,0.212555
5417,csk,1991,0.239128
5417,csk,1992,0.171759
5417,csk,1962,0.081408
5417,csk,1963,0.09892
5417,csk,1964,0.056034
5417,csk,1965,0.093358
5417,csk,1966,0.19773
5417,csk,1967,0.110989
5417,csk,1968,0.288317
5417,csk,1969,0.184938
5417,csk,1970,0.266464
5417,csk,1971,0.124409
5417,csk,1972,0.082569
5417,csk,1973,0.104036
5417,csk,1974,0.069309
5417,csk,1975,0.138829
5417,csk,1976,0.241473
5417,csk,1977,0.361098
5417,csk,1978,0.222959
5417,csk,1979,0.224412
5417,csk,1980,1.04204
5417,csk,1981,1.075562
5417,csk,1982,0.480939
5417,csk,1983,0.444205
5417,csk,1984,0.639776
5417,csk,1985,0.866706
5417,csk,1986,0.169328
5417,csk,1987,0.140618
5417,cub,1988,0.429271
5417,cub,1989,0.011967
5417,cub,1990,0.141647
5417,cub,1991,0.33296
5417,cub,1992,0.27266
5417,cub,1993,0.828014
5417,cub,1994,0.674607
5417,cub,1995,0.537151
5417,cub,1996,0.729299
5417,cub,1997,0.386681
5417,cub,1998,0.214059
5417,cub,1999,0.235347
5417,cub,2000,0.374003
5417,cub,2001,0.339851
5417,cub,2002,0.267815
5417,cub,2003,0.9075
5417,cub,2004,2.695868
5417,cub,2005,4.969873
5417,cub,2006,0.265499
5417,cub,2007,0.150554
5417,cub,2008,0.332319
5417,cub,2009,4.573627
5417,cub,2010,4.35649
5417,cub,2011,5.4087
5417,cub,2012,7.297807
5417,cub,2013,4.859518
5417,cub,2014,0.929161
5417,cub,2015,0.549269
5417,cub,2016,0.426364
5417,cub,1962,0.007635
5417,cub,1963,0
5417,cub,1964,0.001437
5417,cub,1965,0
5417,cub,1966,0
5417,cub,1967,0
5417,cub,1968,0
5417,cub,1969,0
5417,cub,1970,0.0009
5417,cub,1971,0.002639
5417,cub,1972,0
5417,cub,1973,0
5417,cub,1974,0
5417,cub,1975,0
5417,cub,1976,0.00095
5417,cub,1977,1.186528
5417,cub,1978,0
5417,cub,1979,9.812401
5417,cub,1980,1.859284
5417,cub,1981,8.48134
5417,cub,1982,0
5417,cub,1983,0.497105
5417,cub,1984,0.42381
5417,cub,1985,1.345606
5417,cub,1986,2.173284
5417,cub,1987,1.752423
5417,cxr,1988,0
5417,cxr,1989,0
5417,cxr,1990,0
5417,cxr,1991,0
5417,cxr,1992,0.11321
5417,cxr,1993,0
5417,cxr,1994,0.506274
5417,cxr,1995,0
5417,cxr,1996,0
5417,cxr,1997,0.019584
5417,cxr,1998,0
5417,cxr,1999,0
5417,cxr,2000,2.940633
5417,cxr,2001,0
5417,cxr,2002,0
5417,cxr,2003,0.074893
5417,cxr,2004,0.890534
5417,cxr,2005,1.565557
5417,cxr,2006,2.454078
5417,cxr,2007,0.705226
5417,cxr,2008,0
5417,cxr,2009,0
5417,cxr,2010,0.011017
5417,cxr,2011,0
5417,cxr,2012,0
5417,cxr,2013,0
5417,cxr,2014,0.011884
5417,cxr,2015,0
5417,cxr,2016,0
5417,cxr,1969,0
5417,cxr,1970,0
5417,cxr,1971,0
5417,cxr,1972,0
5417,cxr,1973,0
5417,cxr,1974,0
5417,cxr,1975,0
5417,cxr,1976,0
5417,cxr,1977,0
5417,cxr,1978,0
5417,cxr,1979,0
5417,cxr,1980,0
5417,cxr,1981,0.062899
5417,cxr,1982,0
5417,cxr,1983,0
5417,cxr,1984,0
5417,cxr,1985,0.019513
5417,cxr,1986,0.018832
5417,cxr,1987,0
5417,cym,1988,0.371198
5417,cym,1989,0.170621
5417,cym,1990,0
5417,cym,1991,0
5417,cym,1992,0.002291
5417,cym,1993,0
5417,cym,1994,0.005184
5417,cym,1995,0.038208
5417,cym,1996,0.002226
5417,cym,1997,0.435454
5417,cym,1998,0.010701
5417,cym,1999,0.014271
5417,cym,2000,0.003493
5417,cym,2001,0.001201
5417,cym,2002,0.000561
5417,cym,2003,0
5417,cym,2004,0
5417,cym,2005,0.000052
5417,cym,2006,0
5417,cym,2007,0.031989
5417,cym,2008,0.015297
5417,cym,2009,0.048462
5417,cym,2010,0.000667
5417,cym,2011,0.000223
5417,cym,2012,0.006384
5417,cym,2013,0.003784
5417,cym,2014,0.040953
5417,cym,2015,0.000367
5417,cym,2016,0.000464
5417,cym,1967,0
5417,cym,1970,0
5417,cym,1971,0
5417,cym,1972,0
5417,cym,1973,0
5417,cym,1974,0.163435
5417,cym,1975,0
5417,cym,1976,0
5417,cym,1977,1.688395
5417,cym,1978,4.29665
5417,cym,1979,3.778179
5417,cym,1980,0.865047
5417,cym,1981,0.116384
5417,cym,1982,0.174821
5417,cym,1983,0.097037
5417,cym,1984,0.403857
5417,cym,1985,0.825537
5417,cym,1986,1.176335
5417,cym,1987,0.3762
5417,cyp,1988,2.112567
5417,cyp,1989,1.658539
5417,cyp,1990,2.319707
5417,cyp,1991,2.217674
5417,cyp,1992,2.423163
5417,cyp,1993,2.299639
5417,cyp,1994,2.581663
5417,cyp,1995,2.552634
5417,cyp,1996,1.897851
5417,cyp,1997,2.329499
5417,cyp,1998,2.101627
5417,cyp,1999,2.471989
5417,cyp,2000,2.995221
5417,cyp,2001,2.861474
5417,cyp,2002,2.915647
5417,cyp,2003,3.004213
5417,cyp,2004,2.96959
5417,cyp,2005,3.885117
5417,cyp,2006,2.125824
5417,cyp,2007,3.142573
5417,cyp,2008,3.529789
5417,cyp,2009,3.13831
5417,cyp,2010,3.835663
5417,cyp,2011,3.834147
5417,cyp,2012,3.339542
5417,cyp,2013,3.783986
5417,cyp,2014,4.884126
5417,cyp,2015,3.852838
5417,cyp,2016,4.807476
5417,cyp,1962,0.003008
5417,cyp,1963,0.005171
5417,cyp,1964,0.004731
5417,cyp,1965,0.001155
5417,cyp,1966,0.005054
5417,cyp,1967,0.007316
5417,cyp,1968,0.031689
5417,cyp,1969,0.014783
5417,cyp,1970,0.013132
5417,cyp,1971,0.011104
5417,cyp,1972,0.006011
5417,cyp,1973,0.004685
5417,cyp,1974,0.008388
5417,cyp,1975,0.044018
5417,cyp,1976,0.285167
5417,cyp,1977,0.042696
5417,cyp,1978,0.14805
5417,cyp,1979,0.096992
5417,cyp,1980,0.090353
5417,cyp,1981,0.138263
5417,cyp,1982,0.749512
5417,cyp,1983,0.855502
5417,cyp,1984,1.098577
5417,cyp,1985,1.409854
5417,cyp,1986,1.74494
5417,cyp,1987,2.047805
5417,deu,1988,1.234885
5417,deu,1989,1.27425
5417,deu,1990,1.287158
5417,deu,1991,1.34437
5417,deu,1992,1.24491
5417,deu,1993,1.48632
5417,deu,1994,1.439544
5417,deu,1995,1.405743
5417,deu,1996,1.421484
5417,deu,1997,1.510769
5417,deu,1998,1.561416
5417,deu,1999,1.532326
5417,deu,2000,1.423368
5417,deu,2001,1.474356
5417,deu,2002,1.041012
5417,deu,2003,1.143741
5417,deu,2004,1.347955
5417,deu,2005,1.447509
5417,deu,2006,1.476278
5417,deu,2007,1.571132
5417,deu,2008,1.6987
5417,deu,2009,1.608164
5417,deu,2010,1.653415
5417,deu,2011,1.673173
5417,deu,2012,1.754588
5417,deu,2013,1.817247
5417,deu,2014,1.797341
5417,deu,2015,1.720556
5417,deu,2016,1.665882
5417,deu,1962,1.520097
5417,deu,1963,1.543835
5417,deu,1964,2.647232
5417,deu,1965,2.655227
5417,deu,1966,2.432661
5417,deu,1967,2.519533
5417,deu,1968,2.532841
5417,deu,1969,2.523005
5417,deu,1970,2.602523
5417,deu,1971,2.42232
5417,deu,1972,2.453033
5417,deu,1973,2.393712
5417,deu,1974,2.419269
5417,deu,1975,2.397488
5417,deu,1976,2.356096
5417,deu,1977,2.17235
5417,deu,1978,1.217633
5417,deu,1979,1.359444
5417,deu,1980,1.356237
5417,deu,1981,1.406128
5417,deu,1982,1.331972
5417,deu,1983,1.310828
5417,deu,1984,1.331303
5417,deu,1985,1.227723
5417,deu,1986,1.133679
5417,deu,1987,1.155922
5417,dji,1988,0
5417,dji,1989,0.033281
5417,dji,1990,0.8135
5417,dji,1991,0.518113
5417,dji,1992,0.513374
5417,dji,1993,0.060902
5417,dji,1994,0.011398
5417,dji,1995,0.555541
5417,dji,1996,0
5417,dji,1997,1.927967
5417,dji,1998,1.023583
5417,dji,1999,0.803025
5417,dji,2000,3.06358
5417,dji,2001,0.038255
5417,dji,2002,0.267138
5417,dji,2003,0.394548
5417,dji,2004,0.83807
5417,dji,2005,0.721465
5417,dji,2006,0.355519
5417,dji,2007,0.011215
5417,dji,2008,0.032869
5417,dji,2009,0.01103
5417,dji,2010,0
5417,dji,2011,0.000701
5417,dji,2012,0.000627
5417,dji,2013,0
5417,dji,2014,0.228604
5417,dji,2015,0
5417,dji,2016,0.159137
5417,dji,1962,0.076133
5417,dji,1963,0
5417,dji,1964,0
5417,dji,1965,0
5417,dji,1966,0
5417,dji,1967,0
5417,dji,1968,0
5417,dji,1969,0.063976
5417,dji,1970,0
5417,dji,1971,0.688155
5417,dji,1972,0
5417,dji,1973,0.152638
5417,dji,1974,0
5417,dji,1975,0.162533
5417,dji,1976,0.526946
5417,dji,1977,0.079332
5417,dji,1978,0
5417,dji,1979,0
5417,dji,1980,0.391522
5417,dji,1981,5.711169
5417,dji,1982,0
5417,dji,1983,0
5417,dji,1984,0.146382
5417,dji,1985,0.320489
5417,dji,1986,0
5417,dji,1987,0.1121
5417,dma,1988,0
5417,dma,1989,0
5417,dma,1990,0.12297
5417,dma,1991,0.119916
5417,dma,1992,0.802361
5417,dma,1993,0.179398
5417,dma,1994,0.119651
5417,dma,1995,0.121952
5417,dma,1996,0.13083
5417,dma,1997,0.451342
5417,dma,1998,0.171432
5417,dma,1999,0.2705
5417,dma,2000,0.737223
5417,dma,2001,0.023942
5417,dma,2002,0.007206
5417,dma,2003,0.026551
5417,dma,2004,0.121523
5417,dma,2005,0.045035
5417,dma,2006,0.032515
5417,dma,2007,0.164723
5417,dma,2008,0.723133
5417,dma,2009,0.720339
5417,dma,2010,0.445766
5417,dma,2011,0.621481
5417,dma,2012,0.278635
5417,dma,2013,0.071332
5417,dma,2014,0.674791
5417,dma,2015,0.161848
5417,dma,2016,0.030339
5417,dma,1962,0
5417,dma,1965,0
5417,dma,1966,0
5417,dma,1970,0
5417,dma,1971,0
5417,dma,1972,0.006936
5417,dma,1973,0
5417,dma,1974,0.011123
5417,dma,1975,0.196218
5417,dma,1976,0.136777
5417,dma,1977,0
5417,dma,1978,0.143504
5417,dma,1979,0
5417,dma,1980,0
5417,dma,1981,0.07178
5417,dma,1982,0
5417,dma,1983,0
5417,dma,1984,0
5417,dma,1985,0.006039
5417,dma,1986,0.009907
5417,dma,1987,0.004303
5417,dnk,1988,3.537521
5417,dnk,1989,3.995787
5417,dnk,1990,3.983258
5417,dnk,1991,3.513179
5417,dnk,1992,3.516729
5417,dnk,1993,3.746407
5417,dnk,1994,3.799826
5417,dnk,1995,4.374711
5417,dnk,1996,4.186021
5417,dnk,1997,3.705613
5417,dnk,1998,3.158728
5417,dnk,1999,3.421104
5417,dnk,2000,3.792169
5417,dnk,2001,3.282259
5417,dnk,2002,2.690071
5417,dnk,2003,2.773535
5417,dnk,2004,2.549348
5417,dnk,2005,3.078202
5417,dnk,2006,2.847946
5417,dnk,2007,2.852316
5417,dnk,2008,2.939271
5417,dnk,2009,2.868049
5417,dnk,2010,2.301813
5417,dnk,2011,2.631166
5417,dnk,2012,3.048778
5417,dnk,2013,3.097824
5417,dnk,2014,3.463298
5417,dnk,2015,3.354037
5417,dnk,2016,3.72293
5417,dnk,1962,2.110012
5417,dnk,1963,1.968605
5417,dnk,1964,1.730012
5417,dnk,1965,1.63742
5417,dnk,1966,1.643877
5417,dnk,1967,1.768554
5417,dnk,1968,1.908094
5417,dnk,1969,1.711541
5417,dnk,1970,1.755655
5417,dnk,1971,1.863961
5417,dnk,1972,1.975018
5417,dnk,1973,2.064636
5417,dnk,1974,2.433501
5417,dnk,1975,2.278706
5417,dnk,1976,2.425841
5417,dnk,1977,2.54601
5417,dnk,1978,2.391841
5417,dnk,1979,2.665919
5417,dnk,1980,2.658078
5417,dnk,1981,2.727102
5417,dnk,1982,3.024424
5417,dnk,1983,3.050475
5417,dnk,1984,3.232239
5417,dnk,1985,3.149042
5417,dnk,1986,3.073301
5417,dnk,1987,3.243505
5417,dom,1988,0.048476
5417,dom,1989,0.098397
5417,dom,1990,0.067122
5417,dom,1991,0.256581
5417,dom,1992,0.154604
5417,dom,1993,0.037639
5417,dom,1994,0.04715
5417,dom,1995,0.041027
5417,dom,1996,0.040189
5417,dom,1997,0.028854
5417,dom,1998,0.029462
5417,dom,1999,0.021262
5417,dom,2000,0.018044
5417,dom,2001,0.043468
5417,dom,2002,0.030117
5417,dom,2003,0.076037
5417,dom,2004,0.051562
5417,dom,2005,0.091908
5417,dom,2006,0.109001
5417,dom,2007,0.088432
5417,dom,2008,0.190725
5417,dom,2009,0.142272
5417,dom,2010,0.295135
5417,dom,2011,0.221519
5417,dom,2012,0.215296
5417,dom,2013,0.141212
5417,dom,2014,0.284529
5417,dom,2015,0.28478
5417,dom,2016,0.267135
5417,dom,1962,0
5417,dom,1963,0
5417,dom,1964,0
5417,dom,1965,0
5417,dom,1966,0.004972
5417,dom,1967,0
5417,dom,1968,0.003618
5417,dom,1969,0
5417,dom,1970,0
5417,dom,1971,0.001001
5417,dom,1972,0.00175
5417,dom,1973,0.007203
5417,dom,1974,0.011812
5417,dom,1975,0.015693
5417,dom,1976,0.023977
5417,dom,1977,0.052796
5417,dom,1978,0
5417,dom,1979,0.090367
5417,dom,1980,0.001966
5417,dom,1981,0.064508
5417,dom,1982,0.064566
5417,dom,1983,0.10526
5417,dom,1984,0.080194
5417,dom,1985,0.122002
5417,dom,1986,0.01392
5417,dom,1987,0.028714
5417,dza,1988,0.001036
5417,dza,1989,0.003818
5417,dza,1990,0.00616
5417,dza,1991,0.000432
5417,dza,1992,0.002897
5417,dza,1993,0.00071
5417,dza,1994,0.00108
5417,dza,1995,0.000513
5417,dza,1996,0.001356
5417,dza,1997,0.046311
5417,dza,1998,0.009029
5417,dza,1999,0.0135
5417,dza,2000,0.00172
5417,dza,2001,0.001725
5417,dza,2002,0.000924
5417,dza,2003,0.001371
5417,dza,2004,0.001098
5417,dza,2005,0.001373
5417,dza,2006,0.00105
5417,dza,2007,0.002121
5417,dza,2008,0.001318
5417,dza,2009,0.004076
5417,dza,2010,0.00195
5417,dza,2011,0.000975
5417,dza,2012,0.00147
5417,dza,2013,0.002634
5417,dza,2014,0.002229
5417,dza,2015,0.00322
5417,dza,2016,0.005879
5417,dza,1962,0.542569
5417,dza,1963,0.258122
5417,dza,1964,0.06472
5417,dza,1965,0.054676
5417,dza,1966,0.018428
5417,dza,1967,0.010152
5417,dza,1968,0.050525
5417,dza,1969,0.02909
5417,dza,1970,0.032678
5417,dza,1971,0.036367
5417,dza,1972,0.001516
5417,dza,1973,0.019846
5417,dza,1974,0.025696
5417,dza,1975,0.01032
5417,dza,1976,0.028117
5417,dza,1977,0.013369
5417,dza,1978,0.008894
5417,dza,1979,0.008986
5417,dza,1980,0.006117
5417,dza,1981,0.005279
5417,dza,1982,0.000343
5417,dza,1983,0.000112
5417,dza,1984,0.001117
5417,dza,1985,0.000304
5417,dza,1986,0.002479
5417,dza,1987,0.000139
5417,ecu,1988,0.064855
5417,ecu,1989,0.068167
5417,ecu,1990,0.081245
5417,ecu,1991,0.105939
5417,ecu,1992,0.132292
5417,ecu,1993,0.240282
5417,ecu,1994,0.256312
5417,ecu,1995,0.445417
5417,ecu,1996,0.405343
5417,ecu,1997,0.383203
5417,ecu,1998,0.43734
5417,ecu,1999,0.378999
5417,ecu,2000,0.405791
5417,ecu,2001,0.343116
5417,ecu,2002,0.264609
5417,ecu,2003,0.244538
5417,ecu,2004,0.184634
5417,ecu,2005,0.161674
5417,ecu,2006,0.152852
5417,ecu,2007,0.098165
5417,ecu,2008,0.072483
5417,ecu,2009,0.084393
5417,ecu,2010,0.103681
5417,ecu,2011,0.070771
5417,ecu,2012,0.059459
5417,ecu,2013,0.055983
5417,ecu,2014,0.092248
5417,ecu,2015,0.136904
5417,ecu,2016,0.121845
5417,ecu,1962,0.13141
5417,ecu,1963,1.074041
5417,ecu,1964,0.752896
5417,ecu,1965,1.078201
5417,ecu,1966,1.044883
5417,ecu,1967,0.805502
5417,ecu,1968,0.774924
5417,ecu,1969,1.012336
5417,ecu,1970,0.479434
5417,ecu,1971,0.542415
5417,ecu,1972,0.787361
5417,ecu,1973,0.839621
5417,ecu,1974,0.41321
5417,ecu,1975,0.275779
5417,ecu,1976,0.171687
5417,ecu,1977,0.11754
5417,ecu,1978,0.118159
5417,ecu,1979,0.124417
5417,ecu,1980,0.054516
5417,ecu,1981,0.066197
5417,ecu,1982,0.130713
5417,ecu,1983,0.062201
5417,ecu,1984,0.073989
5417,ecu,1985,0.106496
5417,ecu,1986,0.045134
5417,ecu,1987,0.086425
5417,egy,1988,0.498757
5417,egy,1989,0.464539
5417,egy,1990,0.268703
5417,egy,1991,0.458199
5417,egy,1992,0.561358
5417,egy,1993,0.599798
5417,egy,1994,0.483746
5417,egy,1995,0.643724
5417,egy,1996,0.600951
5417,egy,1997,0.701063
5417,egy,1998,0.836401
5417,egy,1999,0.624708
5417,egy,2000,0.712327
5417,egy,2001,0.521028
5417,egy,2002,0.445654
5417,egy,2003,0.372968
5417,egy,2004,0.307171
5417,egy,2005,0.354735
5417,egy,2006,0.25623
5417,egy,2007,0.449848
5417,egy,2008,0.267573
5417,egy,2009,0.290537
5417,egy,2010,0.364179
5417,egy,2011,0.353567
5417,egy,2012,0.448625
5417,egy,2013,0.468146
5417,egy,2014,0.490343
5417,egy,2015,0.373693
5417,egy,2016,0.405139
5417,egy,1962,0.040317
5417,egy,1963,0.025679
5417,egy,1964,0.097953
5417,egy,1965,0.088912
5417,egy,1966,0.326563
5417,egy,1967,0.304747
5417,egy,1968,0.367433
5417,egy,1969,0.30164
5417,egy,1970,0.316596
5417,egy,1971,0.313148
5417,egy,1972,0.230689
5417,egy,1973,0.21685
5417,egy,1974,0.204885
5417,egy,1975,0.329924
5417,egy,1976,0.373371
5417,egy,1977,0.370911
5417,egy,1978,0.105283
5417,egy,1979,0.142482
5417,egy,1980,0.202165
5417,egy,1981,0.174839
5417,egy,1982,0.252318
5417,egy,1983,0.225276
5417,egy,1984,0.265102
5417,egy,1985,0.252123
5417,egy,1986,0.375532
5417,egy,1987,0.182352
5417,esh,1988,0
5417,esh,1989,0
5417,esh,1990,0
5417,esh,1991,0
5417,esh,1992,4.796836
5417,esh,1993,0
5417,esh,1994,0
5417,esh,1995,0
5417,esh,1996,0
5417,esh,1997,0
5417,esh,1998,0
5417,esh,1999,0
5417,esh,2000,0
5417,esh,2001,0.448049
5417,esh,2002,0
5417,esh,2003,0.057563
5417,esh,2004,1.874702
5417,esh,2005,0
5417,esh,2006,0
5417,esh,2007,0.070582
5417,esh,2008,0.05447
5417,esh,2009,0.976678
5417,esh,2010,0
5417,esh,2011,0
5417,esh,2012,1.639924
5417,esh,2013,0
5417,esh,2014,0
5417,esh,2015,0.189411
5417,esh,2016,0
5417,esh,1963,0
5417,esh,1970,0
5417,esh,1971,0
5417,esh,1972,0
5417,esh,1973,0
5417,esh,1974,0
5417,esh,1975,0
5417,esh,1976,0
5417,esh,1977,0
5417,esh,1978,0
5417,esh,1979,0
5417,esh,1980,0
5417,esh,1981,0
5417,esh,1982,0
5417,esh,1983,0
5417,esh,1984,0
5417,esh,1985,0
5417,esh,1986,0
5417,esh,1987,0
5417,esp,1988,0.724158
5417,esp,1989,0.75761
5417,esp,1990,0.572119
5417,esp,1991,0.598616
5417,esp,1992,0.564547
5417,esp,1993,0.690847
5417,esp,1994,0.776581
5417,esp,1995,0.666535
5417,esp,1996,0.719977
5417,esp,1997,0.813069
5417,esp,1998,0.785973
5417,esp,1999,0.87423
5417,esp,2000,1.034396
5417,esp,2001,0.963712
5417,esp,2002,1.052457
5417,esp,2003,1.170977
5417,esp,2004,1.150362
5417,esp,2005,1.310546
5417,esp,2006,1.367176
5417,esp,2007,1.47302
5417,esp,2008,1.639202
5417,esp,2009,1.558495
5417,esp,2010,1.758977
5417,esp,2011,1.715799
5417,esp,2012,1.752301
5417,esp,2013,1.73948
5417,esp,2014,1.514096
5417,esp,2015,1.402836
5417,esp,2016,1.288539
5417,esp,1962,0.239333
5417,esp,1963,0.258064
5417,esp,1964,0.185742
5417,esp,1965,0.198389
5417,esp,1966,0.29446
5417,esp,1967,0.180792
5417,esp,1968,0.268676
5417,esp,1969,0.321827
5417,esp,1970,0.358445
5417,esp,1971,0.424273
5417,esp,1972,0.357835
5417,esp,1973,0.365023
5417,esp,1974,0.56858
5417,esp,1975,0.476187
5417,esp,1976,0.562548
5417,esp,1977,0.622927
5417,esp,1978,0.586518
5417,esp,1979,0.708352
5417,esp,1980,0.69855
5417,esp,1981,0.776849
5417,esp,1982,0.671865
5417,esp,1983,0.747373
5417,esp,1984,0.685455
5417,esp,1985,0.746774
5417,esp,1986,0.645179
5417,esp,1987,0.702759
5417,eth,1988,0
5417,eth,1989,0.000738
5417,eth,1990,0.036087
5417,eth,1991,0.044418
5417,eth,1992,0.007618
5417,eth,1993,0.021542
5417,eth,1994,0.004984
5417,eth,1995,0.004085
5417,eth,1996,0.016588
5417,eth,1997,0.022062
5417,eth,1998,0.032453
5417,eth,1999,0.013675
5417,eth,2000,0.043419
5417,eth,2001,0.006466
5417,eth,2002,0.022907
5417,eth,2003,0.013948
5417,eth,2004,0.010953
5417,eth,2005,0.010699
5417,eth,2006,0.019608
5417,eth,2007,0.004711
5417,eth,2008,0.027447
5417,eth,2009,0.016561
5417,eth,2010,0.000817
5417,eth,2011,0.00292
5417,eth,2012,0.000375
5417,eth,2013,0.001938
5417,eth,2014,0.00164
5417,eth,2015,0.00148
5417,eth,2016,0.003359
5417,eth,1962,0
5417,eth,1963,0
5417,eth,1964,0
5417,eth,1965,0.002119
5417,eth,1966,0
5417,eth,1967,0
5417,eth,1968,0
5417,eth,1969,0
5417,eth,1970,0.003486
5417,eth,1971,0
5417,eth,1972,0.009879
5417,eth,1973,0.021142
5417,eth,1974,0.000361
5417,eth,1975,0.010175
5417,eth,1976,0
5417,eth,1977,0.002511
5417,eth,1978,0
5417,eth,1979,0.003061
5417,eth,1980,0.001821
5417,eth,1981,0.005502
5417,eth,1982,0.025602
5417,eth,1983,0.010627
5417,eth,1984,0
5417,eth,1985,0
5417,eth,1986,0.005672
5417,eth,1987,0
5417,fin,1988,0.48443
5417,fin,1989,0.527663
5417,fin,1990,0.650046
5417,fin,1991,0.582077
5417,fin,1992,0.526501
5417,fin,1993,0.631688
5417,fin,1994,0.586401
5417,fin,1995,0.458662
5417,fin,1996,0.397823
5417,fin,1997,0.38883
5417,fin,1998,0.369736
5417,fin,1999,0.382829
5417,fin,2000,0.365336
5417,fin,2001,0.374944
5417,fin,2002,0.398618
5417,fin,2003,0.389272
5417,fin,2004,0.4299
5417,fin,2005,0.568582
5417,fin,2006,0.622222
5417,fin,2007,0.468754
5417,fin,2008,0.564242
5417,fin,2009,0.839535
5417,fin,2010,1.018704
5417,fin,2011,1.165976
5417,fin,2012,1.209811
5417,fin,2013,0.921358
5417,fin,2014,0.837229
5417,fin,2015,0.824928
5417,fin,2016,0.873648
5417,fin,1962,0.009376
5417,fin,1963,0.031121
5417,fin,1964,0.022287
5417,fin,1965,0.036385
5417,fin,1966,0.032669
5417,fin,1967,0.017091
5417,fin,1968,0.016687
5417,fin,1969,0.022015
5417,fin,1970,0.027855
5417,fin,1971,0.028707
5417,fin,1972,0.03523
5417,fin,1973,0.027061
5417,fin,1974,0.046431
5417,fin,1975,0.093646
5417,fin,1976,0.104413
5417,fin,1977,0.100444
5417,fin,1978,0.168905
5417,fin,1979,0.188571
5417,fin,1980,0.350038
5417,fin,1981,0.578742
5417,fin,1982,0.487908
5417,fin,1983,0.473048
5417,fin,1984,0.457351
5417,fin,1985,0.58576
5417,fin,1986,0.461685
5417,fin,1987,0.407406
5417,fji,1988,0.060932
5417,fji,1989,0.031208
5417,fji,1990,0.074048
5417,fji,1991,0.124767
5417,fji,1992,0.066839
5417,fji,1993,0.110944
5417,fji,1994,0.132292
5417,fji,1995,0.036322
5417,fji,1996,0.008302
5417,fji,1997,0.002443
5417,fji,1998,0.711041
5417,fji,1999,0.000089
5417,fji,2000,0.07986
5417,fji,2001,0.08991
5417,fji,2002,0.140754
5417,fji,2003,0.174438
5417,fji,2004,0.160951
5417,fji,2005,0.140764
5417,fji,2006,0.103209
5417,fji,2007,0.385581
5417,fji,2008,0.452991
5417,fji,2009,0.353607
5417,fji,2010,0.42323
5417,fji,2011,0.447653
5417,fji,2012,0.368068
5417,fji,2013,0.205391
5417,fji,2014,0.136195
5417,fji,2015,0.195586
5417,fji,2016,0.158726
5417,fji,1962,0.017684
5417,fji,1963,0.005136
5417,fji,1964,0
5417,fji,1965,0
5417,fji,1966,0
5417,fji,1967,0
5417,fji,1968,0
5417,fji,1969,0.004039
5417,fji,1970,0.002475
5417,fji,1971,0.001585
5417,fji,1972,0
5417,fji,1973,0.00386
5417,fji,1974,0.001313
5417,fji,1975,0.000865
5417,fji,1976,0.04345
5417,fji,1977,0.023417
5417,fji,1978,0.00411
5417,fji,1979,0.012729
5417,fji,1980,0.009227
5417,fji,1981,0.010885
5417,fji,1982,0.011522
5417,fji,1983,0.013587
5417,fji,1984,0.044962
5417,fji,1985,0.14029
5417,fji,1986,0.012225
5417,fji,1987,0.028141
5417,flk,1988,0
5417,flk,1989,0
5417,flk,1990,0.075507
5417,flk,1991,0.022528
5417,flk,1992,0.196773
5417,flk,1993,0.050707
5417,flk,1994,0
5417,flk,1995,0.031438
5417,flk,1996,0
5417,flk,1997,0.001839
5417,flk,1998,0
5417,flk,1999,0
5417,flk,2000,0.041499
5417,flk,2001,0
5417,flk,2002,0.010265
5417,flk,2003,0.061751
5417,flk,2004,0
5417,flk,2005,0.001386
5417,flk,2006,0.004894
5417,flk,2007,0.153582
5417,flk,2008,0
5417,flk,2009,0
5417,flk,2010,0.030125
5417,flk,2011,0.010605
5417,flk,2012,0
5417,flk,2013,0
5417,flk,2014,0
5417,flk,2015,0
5417,flk,2016,0
5417,flk,1970,0
5417,flk,1971,0
5417,flk,1972,0
5417,flk,1973,0
5417,flk,1974,0.014837
5417,flk,1975,0
5417,flk,1976,0
5417,flk,1977,0
5417,flk,1978,0
5417,flk,1979,0
5417,flk,1980,0
5417,flk,1981,0
5417,flk,1982,0
5417,flk,1983,0
5417,flk,1984,0
5417,flk,1985,0
5417,flk,1986,0
5417,flk,1987,0
5417,fra,1988,1.741015
5417,fra,1989,1.903087
5417,fra,1990,1.860671
5417,fra,1991,1.824725
5417,fra,1992,1.799758
5417,fra,1993,1.85597
5417,fra,1994,1.827621
5417,fra,1995,1.903648
5417,fra,1996,1.878298
5417,fra,1997,1.989994
5417,fra,1998,1.919296
5417,fra,1999,1.986518
5417,fra,2000,2.215671
5417,fra,2001,2.218444
5417,fra,2002,1.876341
5417,fra,2003,1.89579
5417,fra,2004,1.922671
5417,fra,2005,2.081887
5417,fra,2006,2.0183
5417,fra,2007,2.091503
5417,fra,2008,2.321376
5417,fra,2009,2.225336
5417,fra,2010,2.366644
5417,fra,2011,2.347375
5417,fra,2012,2.51988
5417,fra,2013,2.50273
5417,fra,2014,2.335405
5417,fra,2015,2.09012
5417,fra,2016,2.111278
5417,fra,1962,1.913909
5417,fra,1963,1.92666
5417,fra,1964,1.642002
5417,fra,1965,1.613269
5417,fra,1966,1.728031
5417,fra,1967,1.649341
5417,fra,1968,1.710997
5417,fra,1969,1.567564
5417,fra,1970,1.394651
5417,fra,1971,1.422013
5417,fra,1972,1.397841
5417,fra,1973,1.526879
5417,fra,1974,1.607862
5417,fra,1975,1.662188
5417,fra,1976,1.616016
5417,fra,1977,1.610231
5417,fra,1978,1.552089
5417,fra,1979,1.741624
5417,fra,1980,1.895844
5417,fra,1981,1.808232
5417,fra,1982,1.826876
5417,fra,1983,1.830054
5417,fra,1984,1.827318
5417,fra,1985,1.830049
5417,fra,1986,1.755149
5417,fra,1987,1.71547
5417,fro,1988,0.003381
5417,fro,1989,0.001863
5417,fro,1990,0.006099
5417,fro,1991,0
5417,fro,1992,0
5417,fro,1993,0.002882
5417,fro,1994,0.012447
5417,fro,1995,0.001938
5417,fro,1996,0.027569
5417,fro,1997,0.02707
5417,fro,1998,0.017951
5417,fro,1999,0.018741
5417,fro,2000,0.002471
5417,fro,2001,0.000291
5417,fro,2002,0.004971
5417,fro,2003,0.000775
5417,fro,2004,0.000579
5417,fro,2005,0.024912
5417,fro,2006,0.05396
5417,fro,2007,0.102804
5417,fro,2008,0.007741
5417,fro,2009,0.043795
5417,fro,2010,0
5417,fro,2011,0.000251
5417,fro,2012,0.000052
5417,fro,2013,0.000054
5417,fro,2014,0.000371
5417,fro,2015,0.003122
5417,fro,2016,0.001649
5417,fro,1962,0
5417,fro,1965,0
5417,fro,1966,0
5417,fro,1967,0
5417,fro,1968,0
5417,fro,1970,0
5417,fro,1971,0
5417,fro,1972,0
5417,fro,1973,0
5417,fro,1974,0
5417,fro,1975,0
5417,fro,1976,0
5417,fro,1977,0
5417,fro,1978,0.007261
5417,fro,1979,0
5417,fro,1980,0
5417,fro,1981,0.023563
5417,fro,1982,0.010588
5417,fro,1983,0.001765
5417,fro,1984,0.003284
5417,fro,1985,0.002491
5417,fro,1986,0.010847
5417,fro,1987,0.005924
5417,gab,1988,0
5417,gab,1989,0.001385
5417,gab,1990,0
5417,gab,1991,0
5417,gab,1992,0
5417,gab,1993,0.002588
5417,gab,1994,0.000062
5417,gab,1995,0.001604
5417,gab,1996,0.000021
5417,gab,1997,0.000027
5417,gab,1998,0.000486
5417,gab,1999,0.006183
5417,gab,2000,0.000865
5417,gab,2001,0.000209
5417,gab,2002,0.000518
5417,gab,2003,0.003775
5417,gab,2004,0.000667
5417,gab,2005,0.000286
5417,gab,2006,0.00055
5417,gab,2007,0.010111
5417,gab,2008,0.001529
5417,gab,2009,0.017362
5417,gab,2010,0.002694
5417,gab,2011,0.000623
5417,gab,2012,0.002793
5417,gab,2013,0.001101
5417,gab,2014,0.000294
5417,gab,2015,0.002935
5417,gab,2016,0.000046
5417,gab,1962,0
5417,gab,1963,0
5417,gab,1964,0
5417,gab,1965,0
5417,gab,1966,0
5417,gab,1967,0.001527
5417,gab,1968,0
5417,gab,1969,0
5417,gab,1970,0
5417,gab,1971,0
5417,gab,1972,0
5417,gab,1973,0
5417,gab,1974,0
5417,gab,1975,0
5417,gab,1976,0.000147
5417,gab,1977,0
5417,gab,1978,0
5417,gab,1979,0
5417,gab,1980,0
5417,gab,1981,0
5417,gab,1982,0
5417,gab,1983,0
5417,gab,1984,0
5417,gab,1985,0.000199
5417,gab,1986,0
5417,gab,1987,0
5417,gbr,1988,2.332153
5417,gbr,1989,2.44262
5417,gbr,1990,2.37087
5417,gbr,1991,2.487195
5417,gbr,1992,2.626995
5417,gbr,1993,2.841581
5417,gbr,1994,2.674593
5417,gbr,1995,2.654788
5417,gbr,1996,2.601349
5417,gbr,1997,2.658699
5417,gbr,1998,2.429035
5417,gbr,1999,2.360263
5417,gbr,2000,2.617831
5417,gbr,2001,2.625905
5417,gbr,2002,2.267033
5417,gbr,2003,2.579569
5417,gbr,2004,2.545709
5417,gbr,2005,2.294238
5417,gbr,2006,2.317903
5417,gbr,2007,2.556947
5417,gbr,2008,2.811231
5417,gbr,2009,2.818885
5417,gbr,2010,2.911066
5417,gbr,2011,2.781966
5417,gbr,2012,2.779165
5417,gbr,2013,2.22167
5417,gbr,2014,2.238468
5417,gbr,2015,2.299523
5417,gbr,2016,2.332912
5417,gbr,1962,1.350497
5417,gbr,1963,1.804951
5417,gbr,1964,1.671171
5417,gbr,1965,1.701714
5417,gbr,1966,1.706797
5417,gbr,1967,1.783994
5417,gbr,1968,1.705753
5417,gbr,1969,1.73563
5417,gbr,1970,1.898203
5417,gbr,1971,2.045201
5417,gbr,1972,2.061526
5417,gbr,1973,2.080544
5417,gbr,1974,2.570911
5417,gbr,1975,2.406051
5417,gbr,1976,2.253983
5417,gbr,1977,2.147806
5417,gbr,1978,2.183542
5417,gbr,1979,2.114405
5417,gbr,1980,1.980217
5417,gbr,1981,2.286272
5417,gbr,1982,2.283413
5417,gbr,1983,2.220517
5417,gbr,1984,2.31395
5417,gbr,1985,2.157543
5417,gbr,1986,2.198846
5417,gbr,1987,1.955631
5417,gha,1988,0.066575
5417,gha,1989,0.002406
5417,gha,1990,0.000857
5417,gha,1991,0.001554
5417,gha,1992,0.003821
5417,gha,1993,0.001104
5417,gha,1994,0.004581
5417,gha,1995,0.010757
5417,gha,1996,0.013877
5417,gha,1997,0.015844
5417,gha,1998,0.01359
5417,gha,1999,0.026618
5417,gha,2000,0.025892
5417,gha,2001,0.116252
5417,gha,2002,0.031433
5417,gha,2003,0.041424
5417,gha,2004,0.03816
5417,gha,2005,0.009774
5417,gha,2006,0.012642
5417,gha,2007,0.187867
5417,gha,2008,0.099556
5417,gha,2009,0.081956
5417,gha,2010,0.075955
5417,gha,2011,0.026888
5417,gha,2012,0.034227
5417,gha,2013,0.027042
5417,gha,2014,0.033715
5417,gha,2015,0.053802
5417,gha,2016,0.311459
5417,gha,1962,0.018907
5417,gha,1963,0.009411
5417,gha,1964,0.013055
5417,gha,1965,0.007267
5417,gha,1966,0.006373
5417,gha,1967,0.01383
5417,gha,1968,0.002815
5417,gha,1969,0.013967
5417,gha,1970,0.024067
5417,gha,1971,0.017412
5417,gha,1972,0.016577
5417,gha,1973,0.003939
5417,gha,1974,0.030157
5417,gha,1975,0.057168
5417,gha,1976,0.057962
5417,gha,1977,0.005566
5417,gha,1978,0.000416
5417,gha,1979,0.000384
5417,gha,1980,0
5417,gha,1981,0
5417,gha,1982,0.000265
5417,gha,1983,0.005514
5417,gha,1984,0.015326
5417,gha,1985,0.000952
5417,gha,1986,0
5417,gha,1987,0.000458
5417,gib,1988,0.197484
5417,gib,1989,0.434612
5417,gib,1990,0.313971
5417,gib,1991,0.414295
5417,gib,1992,0.013758
5417,gib,1993,0
5417,gib,1994,1.545779
5417,gib,1995,0.98795
5417,gib,1996,0.817033
5417,gib,1997,0.305904
5417,gib,1998,0.156118
5417,gib,1999,0.113061
5417,gib,2000,0.165456
5417,gib,2001,0.558035
5417,gib,2002,0.275591
5417,gib,2003,0.024465
5417,gib,2004,0.007586
5417,gib,2005,0.004394
5417,gib,2006,0.006495
5417,gib,2007,0.008261
5417,gib,2008,0.008845
5417,gib,2009,0.042792
5417,gib,2010,0
5417,gib,2011,0.00202
5417,gib,2012,0.000359
5417,gib,2013,0.000996
5417,gib,2014,0.001151
5417,gib,2015,0.654886
5417,gib,2016,0.004438
5417,gib,1962,0
5417,gib,1963,0
5417,gib,1964,134.1452
5417,gib,1965,0
5417,gib,1966,0
5417,gib,1967,0
5417,gib,1968,0
5417,gib,1969,0
5417,gib,1970,0.319455
5417,gib,1971,0
5417,gib,1972,0
5417,gib,1973,0
5417,gib,1974,0.343512
5417,gib,1975,0.367967
5417,gib,1976,0
5417,gib,1977,0.016467
5417,gib,1978,0.098659
5417,gib,1979,2.007331
5417,gib,1980,0.092149
5417,gib,1981,5.63014
5417,gib,1982,0.362765
5417,gib,1983,1.169531
5417,gib,1984,4.032661
5417,gib,1985,1.268213
5417,gib,1986,0.360234
5417,gib,1987,0.759217
5417,gin,1988,0
5417,gin,1989,0
5417,gin,1990,0.00015
5417,gin,1991,0
5417,gin,1992,0
5417,gin,1993,0
5417,gin,1994,0
5417,gin,1995,0.006128
5417,gin,1996,0.009177
5417,gin,1997,0.002831
5417,gin,1998,0.003184
5417,gin,1999,0.003022
5417,gin,2000,0.019215
5417,gin,2001,0.009322
5417,gin,2002,0.011389
5417,gin,2003,0.000508
5417,gin,2004,0.007378
5417,gin,2005,0.00234
5417,gin,2006,0.002731
5417,gin,2007,0.038314
5417,gin,2008,0.001777
5417,gin,2009,0.010896
5417,gin,2010,0.009044
5417,gin,2011,0.015114
5417,gin,2012,0.016251
5417,gin,2013,0.003488
5417,gin,2014,0.002532
5417,gin,2015,0.017673
5417,gin,2016,0.003334
5417,gin,1962,0.013669
5417,gin,1963,0
5417,gin,1964,0
5417,gin,1965,0
5417,gin,1966,0
5417,gin,1967,0
5417,gin,1968,0
5417,gin,1969,0
5417,gin,1970,0
5417,gin,1971,0
5417,gin,1972,0
5417,gin,1973,0
5417,gin,1974,0
5417,gin,1975,0
5417,gin,1976,0
5417,gin,1977,0
5417,gin,1978,0
5417,gin,1979,0
5417,gin,1980,0
5417,gin,1981,0
5417,gin,1982,0.009922
5417,gin,1983,0
5417,gin,1984,0.001975
5417,gin,1985,0
5417,gin,1986,0
5417,gin,1987,0
5417,glp,1988,0.074603
5417,glp,1989,0.093336
5417,glp,1990,0.030668
5417,glp,1991,0.700553
5417,glp,1992,0.038126
5417,glp,1993,0.553934
5417,glp,1994,0.052808
5417,glp,1995,0.206812
5417,glp,1962,0
5417,glp,1963,0
5417,glp,1964,0
5417,glp,1965,0
5417,glp,1966,0
5417,glp,1967,0.005797
5417,glp,1968,0.002292
5417,glp,1969,0.00447
5417,glp,1970,0.001637
5417,glp,1971,0.006182
5417,glp,1972,0.018501
5417,glp,1973,0.053135
5417,glp,1974,0.006321
5417,glp,1975,0.022849
5417,glp,1976,0.014359
5417,glp,1977,0.001961
5417,glp,1978,0.012106
5417,glp,1979,0.1276
5417,glp,1980,0.02436
5417,glp,1981,0.061452
5417,glp,1982,0.111128
5417,glp,1983,0.144411
5417,glp,1984,0.033834
5417,glp,1985,0.271198
5417,glp,1986,0.038533
5417,glp,1987,0.069665
5417,gmb,1988,0.006032
5417,gmb,1989,0
5417,gmb,1990,0.0039
5417,gmb,1991,0.002704
5417,gmb,1992,0.193998
5417,gmb,1993,0.000597
5417,gmb,1994,0
5417,gmb,1995,0.001292
5417,gmb,1996,0.058559
5417,gmb,1997,0.015249
5417,gmb,1998,0.013778
5417,gmb,1999,0.091669
5417,gmb,2000,0.027813
5417,gmb,2001,0.437654
5417,gmb,2002,0.04336
5417,gmb,2003,0.01894
5417,gmb,2004,0.077972
5417,gmb,2005,0.064822
5417,gmb,2006,0.725832
5417,gmb,2007,0.30829
5417,gmb,2008,0.00258
5417,gmb,2009,0.001322
5417,gmb,2010,0.001395
5417,gmb,2011,0.001182
5417,gmb,2012,0.003888
5417,gmb,2013,0.000053
5417,gmb,2014,0.007622
5417,gmb,2015,0.000043
5417,gmb,2016,0.006955
5417,gmb,1962,0
5417,gmb,1963,0
5417,gmb,1964,0
5417,gmb,1965,0
5417,gmb,1966,0
5417,gmb,1967,0.018652
5417,gmb,1968,0.362048
5417,gmb,1969,0
5417,gmb,1970,0
5417,gmb,1971,0
5417,gmb,1972,0
5417,gmb,1973,0
5417,gmb,1974,0
5417,gmb,1975,0
5417,gmb,1976,0
5417,gmb,1977,0.010723
5417,gmb,1978,0
5417,gmb,1979,0
5417,gmb,1980,0
5417,gmb,1981,0
5417,gmb,1982,0
5417,gmb,1983,0
5417,gmb,1984,0
5417,gmb,1985,0
5417,gmb,1986,0
5417,gmb,1987,0
5417,gnb,1988,0
5417,gnb,1989,0
5417,gnb,1990,0
5417,gnb,1991,0
5417,gnb,1992,0
5417,gnb,1993,0
5417,gnb,1994,0
5417,gnb,1995,0
5417,gnb,1996,0.008516
5417,gnb,1997,0.006228
5417,gnb,1998,0
5417,gnb,1999,0
5417,gnb,2000,0
5417,gnb,2001,0
5417,gnb,2002,0
5417,gnb,2003,0
5417,gnb,2004,0.002663
5417,gnb,2005,0
5417,gnb,2006,0
5417,gnb,2007,0
5417,gnb,2008,0.017923
5417,gnb,2009,0.021051
5417,gnb,2010,0.000288
5417,gnb,2011,0
5417,gnb,2012,0
5417,gnb,2013,0.006706
5417,gnb,2014,0
5417,gnb,2015,0
5417,gnb,2016,0
5417,gnb,1962,0
5417,gnb,1963,0
5417,gnb,1964,0
5417,gnb,1965,0
5417,gnb,1966,0.053196
5417,gnb,1967,0
5417,gnb,1968,0
5417,gnb,1969,0
5417,gnb,1970,0.050781
5417,gnb,1971,0
5417,gnb,1972,0.043136
5417,gnb,1973,0.009184
5417,gnb,1974,0.106044
5417,gnb,1975,0
5417,gnb,1976,0
5417,gnb,1977,0.253984
5417,gnb,1978,0
5417,gnb,1979,0
5417,gnb,1980,0
5417,gnb,1981,0
5417,gnb,1982,0
5417,gnb,1983,0
5417,gnb,1984,0
5417,gnb,1985,0
5417,gnb,1986,0
5417,gnb,1987,0
5417,gnq,1988,0
5417,gnq,1989,0
5417,gnq,1990,0
5417,gnq,1991,0
5417,gnq,1992,0
5417,gnq,1993,0
5417,gnq,1994,0.007079
5417,gnq,1995,0
5417,gnq,1996,0.009937
5417,gnq,1997,0
5417,gnq,1998,0
5417,gnq,1999,0
5417,gnq,2000,0
5417,gnq,2001,0.000558
5417,gnq,2002,0.000047
5417,gnq,2003,0
5417,gnq,2004,0.000006
5417,gnq,2005,0
5417,gnq,2006,0
5417,gnq,2007,0.000012
5417,gnq,2008,0
5417,gnq,2009,0
5417,gnq,2010,0.000079
5417,gnq,2011,0
5417,gnq,2012,0
5417,gnq,2013,0
5417,gnq,2014,0
5417,gnq,2015,0
5417,gnq,2016,0.000541
5417,gnq,1962,0
5417,gnq,1963,0
5417,gnq,1964,0
5417,gnq,1965,0
5417,gnq,1966,0
5417,gnq,1967,0
5417,gnq,1968,0
5417,gnq,1969,0.026143
5417,gnq,1970,0.021985
5417,gnq,1971,0
5417,gnq,1972,0
5417,gnq,1973,0
5417,gnq,1974,0
5417,gnq,1975,0.015978
5417,gnq,1976,0
5417,gnq,1977,0
5417,gnq,1978,0
5417,gnq,1979,0
5417,gnq,1980,0
5417,gnq,1981,0
5417,gnq,1982,0
5417,gnq,1983,0
5417,gnq,1984,0
5417,gnq,1985,0
5417,gnq,1986,0
5417,gnq,1987,0
5417,grc,1988,1.133006
5417,grc,1989,1.318477
5417,grc,1990,1.092446
5417,grc,1991,0.988853
5417,grc,1992,0.660101
5417,grc,1993,0.61475
5417,grc,1994,0.803223
5417,grc,1995,0.652728
5417,grc,1996,0.659642
5417,grc,1997,0.604102
5417,grc,1998,0.767352
5417,grc,1999,1.160833
5417,grc,2000,1.732064
5417,grc,2001,1.779477
5417,grc,2002,1.639267
5417,grc,2003,1.942711
5417,grc,2004,2.391388
5417,grc,2005,2.736406
5417,grc,2006,2.42007
5417,grc,2007,2.244225
5417,grc,2008,2.067655
5417,grc,2009,2.042201
5417,grc,2010,2.195374
5417,grc,2011,2.047982
5417,grc,2012,2.010363
5417,grc,2013,2.138652
5417,grc,2014,2.148046
5417,grc,2015,1.84213
5417,grc,2016,1.911836
5417,grc,1962,0.686479
5417,grc,1963,0.592696
5417,grc,1964,0.296786
5417,grc,1965,0.409384
5417,grc,1966,0.446345
5417,grc,1967,0.22456
5417,grc,1968,0.211399
5417,grc,1969,0.128953
5417,grc,1970,0.18659
5417,grc,1971,0.486927
5417,grc,1972,0.480173
5417,grc,1973,0.841908
5417,grc,1974,0.905291
5417,grc,1975,0.533355
5417,grc,1976,0.682484
5417,grc,1977,0.759277
5417,grc,1978,1.030855
5417,grc,1979,0.686841
5417,grc,1980,0.654431
5417,grc,1981,0.812988
5417,grc,1982,0.944277
5417,grc,1983,0.816556
5417,grc,1984,1.024725
5417,grc,1985,0.980813
5417,grc,1986,0.766805
5417,grc,1987,0.69662
5417,grd,1988,0.427352
5417,grd,1989,0
5417,grd,1990,0.015428
5417,grd,1991,0
5417,grd,1992,0
5417,grd,1993,0.015736
5417,grd,1994,0.004905
5417,grd,1995,0.14946
5417,grd,1996,0.008421
5417,grd,1997,0.004474
5417,grd,1998,0.564706
5417,grd,1999,0.082606
5417,grd,2000,0.161006
5417,grd,2001,0.108579
5417,grd,2002,0.403062
5417,grd,2003,0.170459
5417,grd,2004,0.22596
5417,grd,2005,0.142634
5417,grd,2006,0.232871
5417,grd,2007,0.199914
5417,grd,2008,0.235675
5417,grd,2009,0.237805
5417,grd,2010,0.156589
5417,grd,2011,0.339414
5417,grd,2012,0.335013
5417,grd,2013,0.558874
5417,grd,2014,0.810992
5417,grd,2015,0.31636
5417,grd,2016,0.090039
5417,grd,1965,0
5417,grd,1969,0
5417,grd,1970,0
5417,grd,1971,0
5417,grd,1972,0
5417,grd,1973,0
5417,grd,1974,0
5417,grd,1975,0
5417,grd,1976,0
5417,grd,1977,0.008481
5417,grd,1978,0
5417,grd,1979,0
5417,grd,1980,0
5417,grd,1981,0
5417,grd,1982,0
5417,grd,1983,0
5417,grd,1984,0
5417,grd,1985,0
5417,grd,1986,0
5417,grd,1987,0
5417,grl,1988,0.03006
5417,grl,1989,0.000192
5417,grl,1990,0.000236
5417,grl,1991,0.004218
5417,grl,1992,0.000523
5417,grl,1993,0.001252
5417,grl,1994,0.00018
5417,grl,1995,0
5417,grl,1996,0.018614
5417,grl,1997,0.000704
5417,grl,1998,0
5417,grl,1999,0.014296
5417,grl,2000,0.000997
5417,grl,2001,0.001503
5417,grl,2002,0.004196
5417,grl,2003,0.006238
5417,grl,2004,0.003939
5417,grl,2005,0.001903
5417,grl,2006,0.000049
5417,grl,2007,0.000013
5417,grl,2008,0.003153
5417,grl,2009,0
5417,grl,2010,0
5417,grl,2011,0
5417,grl,2012,0
5417,grl,2013,0.40826
5417,grl,2014,0.000056
5417,grl,2015,0.000409
5417,grl,2016,0
5417,grl,1966,0
5417,grl,1969,0
5417,grl,1970,0
5417,grl,1971,0
5417,grl,1972,0
5417,grl,1973,0
5417,grl,1974,0.062866
5417,grl,1975,0
5417,grl,1976,0.027086
5417,grl,1977,0
5417,grl,1978,0
5417,grl,1979,0
5417,grl,1980,0.001452
5417,grl,1981,0
5417,grl,1982,0.025845
5417,grl,1983,0.00589
5417,grl,1984,0
5417,grl,1985,0
5417,grl,1986,0.054549
5417,grl,1987,0
5417,gtm,1988,7.157464
5417,gtm,1989,5.984448
5417,gtm,1990,4.664189
5417,gtm,1991,4.311137
5417,gtm,1992,3.368557
5417,gtm,1993,2.994805
5417,gtm,1994,2.674449
5417,gtm,1995,2.489837
5417,gtm,1996,2.273871
5417,gtm,1997,1.762903
5417,gtm,1998,1.63369
5417,gtm,1999,1.496889
5417,gtm,2000,1.45155
5417,gtm,2001,0.902069
5417,gtm,2002,0.896708
5417,gtm,2003,0.840108
5417,gtm,2004,0.852592
5417,gtm,2005,0.835846
5417,gtm,2006,0.497828
5417,gtm,2007,0.82888
5417,gtm,2008,0.879936
5417,gtm,2009,0.724966
5417,gtm,2010,0.771971
5417,gtm,2011,0.813484
5417,gtm,2012,0.978678
5417,gtm,2013,1.013716
5417,gtm,2014,0.976737
5417,gtm,2015,1.046789
5417,gtm,2016,1.060402
5417,gtm,1962,0.065219
5417,gtm,1963,1.060184
5417,gtm,1964,0.473436
5417,gtm,1965,0.410984
5417,gtm,1966,0.616371
5417,gtm,1967,1.050542
5417,gtm,1968,2.356166
5417,gtm,1969,2.963433
5417,gtm,1970,2.947533
5417,gtm,1971,4.064374
5417,gtm,1972,3.859953
5417,gtm,1973,4.307875
5417,gtm,1974,4.982314
5417,gtm,1975,4.698048
5417,gtm,1976,4.799837
5417,gtm,1977,3.961857
5417,gtm,1978,0.366236
5417,gtm,1979,0.106638
5417,gtm,1980,0.198325
5417,gtm,1981,0.367375
5417,gtm,1982,0.521063
5417,gtm,1983,0.469359
5417,gtm,1984,0.40055
5417,gtm,1985,0.713664
5417,gtm,1986,3.705205
5417,gtm,1987,5.238362
5417,guf,1988,0.164997
5417,guf,1989,0.027542
5417,guf,1990,0.003493
5417,guf,1991,0.012726
5417,guf,1992,0.025503
5417,guf,1993,0.0059
5417,guf,1994,0.009692
5417,guf,1995,0
5417,guf,1962,0
5417,guf,1963,0
5417,guf,1964,0
5417,guf,1965,0
5417,guf,1966,0
5417,guf,1967,0
5417,guf,1968,0
5417,guf,1969,0
5417,guf,1970,0
5417,guf,1971,0
5417,guf,1972,0
5417,guf,1973,0.195614
5417,guf,1974,0
5417,guf,1975,0.022541
5417,guf,1976,0
5417,guf,1977,0.05433
5417,guf,1978,0
5417,guf,1979,0
5417,guf,1980,0
5417,guf,1981,0.00538
5417,guf,1982,0.004944
5417,guf,1983,0.014109
5417,guf,1984,0.026021
5417,guf,1985,0
5417,guf,1986,0.035398
5417,guf,1987,0
5417,guy,1988,0.678054
5417,guy,1989,0.602548
5417,guy,1990,0.406306
5417,guy,1991,0.439726
5417,guy,1992,0.237005
5417,guy,1993,0.221757
5417,guy,1994,0.215459
5417,guy,1995,0.214018
5417,guy,1996,0.192189
5417,guy,1997,0.192918
5417,guy,1998,0.219915
5417,guy,1999,0.26371
5417,guy,2000,0.170539
5417,guy,2001,0.202433
5417,guy,2002,0.13236
5417,guy,2003,0.090824
5417,guy,2004,0.09227
5417,guy,2005,0.108438
5417,guy,2006,0.130408
5417,guy,2007,0.11854
5417,guy,2008,0.139536
5417,guy,2009,0.106877
5417,guy,2010,0.094103
5417,guy,2011,0.095882
5417,guy,2012,0.084538
5417,guy,2013,0.099455
5417,guy,2014,0.126961
5417,guy,2015,0.216999
5417,guy,2016,0.093926
5417,guy,1962,0.570398
5417,guy,1963,0.066667
5417,guy,1964,0.060537
5417,guy,1965,0.087267
5417,guy,1966,0.040912
5417,guy,1967,0.082529
5417,guy,1968,0.24252
5417,guy,1969,0.234711
5417,guy,1970,0.28415
5417,guy,1971,0.206363
5417,guy,1972,0.28019
5417,guy,1973,0.268113
5417,guy,1974,0.500399
5417,guy,1975,0.494049
5417,guy,1976,1.208104
5417,guy,1977,0.910514
5417,guy,1978,0.049741
5417,guy,1979,0.732177
5417,guy,1980,0.668788
5417,guy,1981,0.567679
5417,guy,1982,0.781201
5417,guy,1983,0.927396
5417,guy,1984,0.834596
5417,guy,1985,0.53444
5417,guy,1986,0.33605
5417,guy,1987,0.282329
5417,hkg,1988,0.478403
5417,hkg,1989,0.404747
5417,hkg,1990,0.408712
5417,hkg,1991,0.464146
5417,hkg,1992,0.413378
5417,hkg,1993,0.358413
5417,hkg,1994,0.382063
5417,hkg,1995,0.389629
5417,hkg,1996,0.407241
5417,hkg,1997,0.382577
5417,hkg,1998,0.356625
5417,hkg,1999,0.297172
5417,hkg,2000,0.26671
5417,hkg,2001,0.171263
5417,hkg,2002,0.104286
5417,hkg,2003,0.177137
5417,hkg,2004,0.097003
5417,hkg,2005,0.08251
5417,hkg,2006,0.181895
5417,hkg,2007,0.120544
5417,hkg,2008,0.126447
5417,hkg,2009,0.139412
5417,hkg,2010,0.263019
5417,hkg,2011,0.181695
5417,hkg,2012,0.166054
5417,hkg,2013,0.135425
5417,hkg,2014,0.132219
5417,hkg,2015,0.156644
5417,hkg,2016,0.138395
5417,hkg,1962,0.37158
5417,hkg,1963,0.462627
5417,hkg,1964,1.521523
5417,hkg,1965,2.003184
5417,hkg,1966,1.543197
5417,hkg,1967,1.271531
5417,hkg,1968,1.456221
5417,hkg,1969,1.516774
5417,hkg,1970,1.458226
5417,hkg,1971,1.511375
5417,hkg,1972,1.212765
5417,hkg,1973,1.154373
5417,hkg,1974,1.351363
5417,hkg,1975,1.208793
5417,hkg,1976,0.931541
5417,hkg,1977,0.972605
5417,hkg,1978,0.815178
5417,hkg,1979,0.759103
5417,hkg,1980,0.702866
5417,hkg,1981,0.722294
5417,hkg,1982,0.697746
5417,hkg,1983,0.605538
5417,hkg,1984,0.488414
5417,hkg,1985,0.486065
5417,hkg,1986,0.43075
5417,hkg,1987,0.395667
5417,hnd,1988,0.219166
5417,hnd,1989,0.229778
5417,hnd,1990,0.088336
5417,hnd,1991,0.139876
5417,hnd,1992,0.257965
5417,hnd,1993,0.404197
5417,hnd,1994,0.443376
5417,hnd,1995,0.34103
5417,hnd,1996,0.273265
5417,hnd,1997,0.275903
5417,hnd,1998,0.191034
5417,hnd,1999,0.246515
5417,hnd,2000,0.428269
5417,hnd,2001,0.095131
5417,hnd,2002,0.035337
5417,hnd,2003,0.033639
5417,hnd,2004,0.027066
5417,hnd,2005,0.033844
5417,hnd,2006,0.025425
5417,hnd,2007,0.034846
5417,hnd,2008,0.038954
5417,hnd,2009,0.023164
5417,hnd,2010,0.034102
5417,hnd,2011,0.03719
5417,hnd,2012,0.041539
5417,hnd,2013,0.049102
5417,hnd,2014,0.04869
5417,hnd,2015,0.042883
5417,hnd,2016,0.055158
5417,hnd,1962,0
5417,hnd,1963,0.334666
5417,hnd,1964,0.176998
5417,hnd,1965,0.130764
5417,hnd,1966,0.114755
5417,hnd,1967,0.256815
5417,hnd,1968,0.237914
5417,hnd,1969,0.190721
5417,hnd,1970,0.170278
5417,hnd,1971,0.101124
5417,hnd,1972,0.067594
5417,hnd,1973,0.077634
5417,hnd,1974,0.196324
5417,hnd,1975,0.379802
5417,hnd,1976,0.296303
5417,hnd,1977,0.271291
5417,hnd,1978,0.000613
5417,hnd,1979,0
5417,hnd,1980,0.005007
5417,hnd,1981,0.002237
5417,hnd,1982,0
5417,hnd,1983,0
5417,hnd,1984,0.002896
5417,hnd,1985,0.000842
5417,hnd,1986,0.26621
5417,hnd,1987,0.076354
5417,hti,1988,0.001322
5417,hti,1989,0
5417,hti,1990,0
5417,hti,1991,0.000693
5417,hti,1992,0
5417,hti,1993,0.000753
5417,hti,1994,0
5417,hti,1995,0
5417,hti,1996,0
5417,hti,1997,0
5417,hti,1998,0.001606
5417,hti,1999,0.002983
5417,hti,2000,0.000496
5417,hti,2001,0.041167
5417,hti,2002,0.000866
5417,hti,2003,0.002062
5417,hti,2004,0.044354
5417,hti,2005,0.187449
5417,hti,2006,0.00387
5417,hti,2007,0.006259
5417,hti,2008,0.002323
5417,hti,2009,0.004471
5417,hti,2010,0.000154
5417,hti,2011,0.00083
5417,hti,2012,0.00001
5417,hti,2013,0.036174
5417,hti,2014,0.000166
5417,hti,2015,0.000412
5417,hti,2016,0.000025
5417,hti,1962,0
5417,hti,1963,0.019592
5417,hti,1964,0
5417,hti,1965,0
5417,hti,1966,0
5417,hti,1967,0
5417,hti,1968,0
5417,hti,1969,0.003156
5417,hti,1970,0.001271
5417,hti,1971,0.007243
5417,hti,1972,0
5417,hti,1973,0.035212
5417,hti,1974,0
5417,hti,1975,0
5417,hti,1976,0
5417,hti,1977,0.000759
5417,hti,1978,0
5417,hti,1979,0
5417,hti,1980,0
5417,hti,1981,0.051677
5417,hti,1982,0.006164
5417,hti,1983,0.241924
5417,hti,1984,0.188252
5417,hti,1985,0.134257
5417,hti,1986,0.087933
5417,hti,1987,0.128153
5417,hun,1988,1.738035
5417,hun,1989,1.77269
5417,hun,1990,0.902667
5417,hun,1991,1.031992
5417,hun,1992,1.820537
5417,hun,1993,2.366058
5417,hun,1994,2.210202
5417,hun,1995,1.754136
5417,hun,1996,1.533622
5417,hun,1997,1.571613
5417,hun,1998,0.952363
5417,hun,1999,0.79392
5417,hun,2000,0.893416
5417,hun,2001,0.739827
5417,hun,2002,0.508722
5417,hun,2003,0.655561
5417,hun,2004,0.722842
5417,hun,2005,0.852854
5417,hun,2006,0.98207
5417,hun,2007,1.065422
5417,hun,2008,1.268615
5417,hun,2009,1.229284
5417,hun,2010,1.427702
5417,hun,2011,1.737783
5417,hun,2012,1.924609
5417,hun,2013,1.951168
5417,hun,2014,1.731976
5417,hun,2015,1.541007
5417,hun,2016,1.444514
5417,hun,1962,0.424591
5417,hun,1963,0.495735
5417,hun,1964,0.063355
5417,hun,1965,0.095413
5417,hun,1966,0.428314
5417,hun,1967,0.149345
5417,hun,1968,0.174675
5417,hun,1969,0.187901
5417,hun,1970,0.163566
5417,hun,1971,0.240841
5417,hun,1972,0.252245
5417,hun,1973,0.226035
5417,hun,1974,0.210526
5417,hun,1975,0.404392
5417,hun,1976,3.415201
5417,hun,1977,3.348185
5417,hun,1978,16.483019
5417,hun,1979,14.615989
5417,hun,1980,22.22208
5417,hun,1981,24.363346
5417,hun,1982,20.681292
5417,hun,1983,18.69899
5417,hun,1984,20.271593
5417,hun,1985,23.027544
5417,hun,1986,16.41451
5417,hun,1987,17.383993
5417,idn,1988,0.07447
5417,idn,1989,0.046715
5417,idn,1990,0.036162
5417,idn,1991,0.040138
5417,idn,1992,0.039007
5417,idn,1993,0.058885
5417,idn,1994,0.063904
5417,idn,1995,0.076883
5417,idn,1996,0.060034
5417,idn,1997,0.061839
5417,idn,1998,0.064327
5417,idn,1999,0.075392
5417,idn,2000,0.069285
5417,idn,2001,0.059662
5417,idn,2002,0.064593
5417,idn,2003,0.050499
5417,idn,2004,0.04916
5417,idn,2005,0.037147
5417,idn,2006,0.038536
5417,idn,2007,0.044832
5417,idn,2008,0.045233
5417,idn,2009,0.046984
5417,idn,2010,0.054902
5417,idn,2011,0.059436
5417,idn,2012,0.069556
5417,idn,2013,0.073896
5417,idn,2014,0.085534
5417,idn,2015,0.107085
5417,idn,2016,0.120219
5417,idn,1962,0
5417,idn,1963,0.003004
5417,idn,1964,0
5417,idn,1965,0.019455
5417,idn,1966,0.059224
5417,idn,1967,0.004687
5417,idn,1968,0.004879
5417,idn,1969,0.000811
5417,idn,1970,0.001523
5417,idn,1971,0.002819
5417,idn,1972,0.005921
5417,idn,1973,0.002878
5417,idn,1974,0.004961
5417,idn,1975,0.013423
5417,idn,1976,0.025173
5417,idn,1977,0.010874
5417,idn,1978,0.022047
5417,idn,1979,0.033092
5417,idn,1980,0.03822
5417,idn,1981,0.055608
5417,idn,1982,0.049299
5417,idn,1983,0.056023
5417,idn,1984,0.067376
5417,idn,1985,0.058248
5417,idn,1986,0.072168
5417,idn,1987,0.078688
5417,ind,1988,1.819309
5417,ind,1989,2.577968
5417,ind,1990,2.149873
5417,ind,1991,2.143589
5417,ind,1992,1.588818
5417,ind,1993,1.403509
5417,ind,1994,1.413254
5417,ind,1995,1.342816
5417,ind,1996,1.269177
5417,ind,1997,1.3992
5417,ind,1998,1.198517
5417,ind,1999,1.265735
5417,ind,2000,0.92456
5417,ind,2001,0.872133
5417,ind,2002,0.765257
5417,ind,2003,0.863879
5417,ind,2004,0.725586
5417,ind,2005,0.817856
5417,ind,2006,1.00032
5417,ind,2007,1.033345
5417,ind,2008,1.294851
5417,ind,2009,1.100334
5417,ind,2010,1.277043
5417,ind,2011,1.465952
5417,ind,2012,1.81093
5417,ind,2013,1.865726
5417,ind,2014,1.816085
5417,ind,2015,2.00251
5417,ind,2016,2.142689
5417,ind,1962,0.06307
5417,ind,1963,0.055168
5417,ind,1964,0.037484
5417,ind,1965,0.047395
5417,ind,1966,0.181022
5417,ind,1967,0.164022
5417,ind,1968,0.249826
5417,ind,1969,0.34151
5417,ind,1970,0.481119
5417,ind,1971,0.505632
5417,ind,1972,0.474833
5417,ind,1973,0.508678
5417,ind,1974,0.461757
5417,ind,1975,0.652905
5417,ind,1976,0.321112
5417,ind,1977,0.398354
5417,ind,1978,0.719928
5417,ind,1979,1.041764
5417,ind,1980,1.895936
5417,ind,1981,1.909695
5417,ind,1982,0.47783
5417,ind,1983,1.729444
5417,ind,1984,2.174127
5417,ind,1985,1.668772
5417,ind,1986,1.361
5417,ind,1987,1.357319
5417,iot,1988,0
5417,iot,1989,0
5417,iot,1990,0
5417,iot,1991,0.40405
5417,iot,1992,0
5417,iot,1993,0
5417,iot,1994,0
5417,iot,1995,0
5417,iot,1996,0.064577
5417,iot,1997,0
5417,iot,1998,0.042694
5417,iot,1999,0
5417,iot,2000,0.051182
5417,iot,2001,0
5417,iot,2002,0.067954
5417,iot,2003,0.113539
5417,iot,2004,0.006654
5417,iot,2005,0.948245
5417,iot,2006,0
5417,iot,2007,1.857779
5417,iot,2008,0.041985
5417,iot,2009,0.19664
5417,iot,2010,1.361181
5417,iot,2011,0.183164
5417,iot,2012,1.604164
5417,iot,2013,0
5417,iot,2014,0
5417,iot,2015,0
5417,iot,2016,0.714019
5417,iot,1971,0
5417,iot,1972,0
5417,iot,1973,0
5417,iot,1974,0
5417,iot,1975,0
5417,iot,1976,0
5417,iot,1977,0
5417,iot,1978,0
5417,iot,1979,0
5417,iot,1980,0
5417,iot,1981,0
5417,iot,1982,0
5417,iot,1983,0
5417,iot,1984,0
5417,iot,1985,0
5417,iot,1986,0
5417,iot,1987,0
5417,irl,1988,3.404403
5417,irl,1989,3.764708
5417,irl,1990,4.049264
5417,irl,1991,4.364556
5417,irl,1992,4.576196
5417,irl,1993,3.881865
5417,irl,1994,4.699709
5417,irl,1995,4.316755
5417,irl,1996,4.484537
5417,irl,1997,4.42459
5417,irl,1998,4.4236
5417,irl,1999,3.793549
5417,irl,2000,3.864393
5417,irl,2001,4.398728
5417,irl,2002,9.758537
5417,irl,2003,9.302219
5417,irl,2004,8.866532
5417,irl,2005,9.247274
5417,irl,2006,9.523541
5417,irl,2007,8.873298
5417,irl,2008,10.113755
5417,irl,2009,8.182708
5417,irl,2010,9.360378
5417,irl,2011,9.408341
5417,irl,2012,8.049553
5417,irl,2013,7.336542
5417,irl,2014,7.400571
5417,irl,2015,7.997252
5417,irl,2016,6.714253
5417,irl,1962,0.202994
5417,irl,1963,0.469982
5417,irl,1964,0.32329
5417,irl,1965,0.459985
5417,irl,1966,0.507714
5417,irl,1967,0.58808
5417,irl,1968,0.567059
5417,irl,1969,0.642172
5417,irl,1970,0.511711
5417,irl,1971,0.62956
5417,irl,1972,0.719839
5417,irl,1973,0.905107
5417,irl,1974,1.025065
5417,irl,1975,1.102856
5417,irl,1976,1.335454
5417,irl,1977,1.473104
5417,irl,1978,2.320102
5417,irl,1979,1.748952
5417,irl,1980,1.614128
5417,irl,1981,1.723174
5417,irl,1982,1.839384
5417,irl,1983,1.866926
5417,irl,1984,2.848243
5417,irl,1985,1.892953
5417,irl,1986,1.702512
5417,irl,1987,2.093983
5417,irn,1988,0.010402
5417,irn,1989,0.012418
5417,irn,1990,0.008521
5417,irn,1991,0.014559
5417,irn,1992,0.01664
5417,irn,1993,0.011066
5417,irn,1994,0.012878
5417,irn,1995,0.018117
5417,irn,1996,0.013477
5417,irn,1997,0.018046
5417,irn,1998,0.039396
5417,irn,1999,0.024867
5417,irn,2000,0.021556
5417,irn,2001,0.015383
5417,irn,2002,0.019668
5417,irn,2003,0.014107
5417,irn,2004,0.0106
5417,irn,2005,0.010651
5417,irn,2006,0.010485
5417,irn,2007,0.013343
5417,irn,2008,0.010823
5417,irn,2009,0.012121
5417,irn,2010,0.011029
5417,irn,2011,0.043832
5417,irn,2012,0.015477
5417,irn,2013,0.027377
5417,irn,2014,0.01682
5417,irn,2015,0.016366
5417,irn,2016,0.004144
5417,irn,1962,0.012679
5417,irn,1963,0.01056
5417,irn,1964,0.001031
5417,irn,1965,0.002946
5417,irn,1966,0.002973
5417,irn,1967,0.004039
5417,irn,1968,0.013131
5417,irn,1969,0.003003
5417,irn,1970,0.003884
5417,irn,1971,0.001861
5417,irn,1972,0.005126
5417,irn,1973,0.00234
5417,irn,1974,0.00294
5417,irn,1975,0.001209
5417,irn,1976,0.018545
5417,irn,1977,0.004893
5417,irn,1978,0.000953
5417,irn,1979,0.00328
5417,irn,1980,0.000157
5417,irn,1981,0.000681
5417,irn,1982,0.000766
5417,irn,1983,0.000218
5417,irn,1984,0.001005
5417,irn,1985,0.031633
5417,irn,1986,0.010257
5417,irn,1987,0.010717
5417,irq,1988,0.000501
5417,irq,1989,0.014341
5417,irq,1990,0.092589
5417,irq,1991,0
5417,irq,1992,0.004791
5417,irq,1993,0
5417,irq,1994,0.001413
5417,irq,1995,0.104637
5417,irq,1996,0
5417,irq,1997,0
5417,irq,1998,0.00007
5417,irq,1999,0.00002
5417,irq,2000,0.003039
5417,irq,2001,0.003443
5417,irq,2002,0.000038
5417,irq,2003,0.000015
5417,irq,2004,0
5417,irq,2005,0.000378
5417,irq,2006,0.001012
5417,irq,2007,0
5417,irq,2008,0.000005
5417,irq,2009,0.000006
5417,irq,2010,0.000023
5417,irq,2011,0.000022
5417,irq,2012,0.000008
5417,irq,2013,0.000067
5417,irq,2014,0.000096
5417,irq,2015,0.000353
5417,irq,2016,0.000088
5417,irq,1962,0
5417,irq,1963,0
5417,irq,1964,0.001884
5417,irq,1965,0.00163
5417,irq,1966,0.001806
5417,irq,1967,0.040396
5417,irq,1968,0.003986
5417,irq,1969,0.000511
5417,irq,1970,0.001955
5417,irq,1971,0
5417,irq,1972,0.000472
5417,irq,1973,0.00023
5417,irq,1974,0.001573
5417,irq,1975,0.00111
5417,irq,1976,0.003894
5417,irq,1977,0.004071
5417,irq,1978,0.000141
5417,irq,1979,0.000444
5417,irq,1980,0.000767
5417,irq,1981,0.011338
5417,irq,1982,0.00822
5417,irq,1983,0.000142
5417,irq,1984,0.001784
5417,irq,1985,0.000407
5417,irq,1986,0.001473
5417,irq,1987,0.000174
5417,isl,1988,0.054699
5417,isl,1989,0.171336
5417,isl,1990,0.088892
5417,isl,1991,0.096334
5417,isl,1992,0.072048
5417,isl,1993,0.097666
5417,isl,1994,0.062549
5417,isl,1995,0.600314
5417,isl,1996,0.345577
5417,isl,1997,0.294857
5417,isl,1998,0.290597
5417,isl,1999,0.313405
5417,isl,2000,0.61978
5417,isl,2001,1.013092
5417,isl,2002,1.410489
5417,isl,2003,1.19228
5417,isl,2004,2.049708
5417,isl,2005,1.294156
5417,isl,2006,1.166789
5417,isl,2007,1.090588
5417,isl,2008,1.204983
5417,isl,2009,1.16248
5417,isl,2010,1.457366
5417,isl,2011,1.329705
5417,isl,2012,1.199095
5417,isl,2013,1.497255
5417,isl,2014,1.049138
5417,isl,2015,1.217451
5417,isl,2016,0.967187
5417,isl,1962,0.11065
5417,isl,1963,0.038644
5417,isl,1964,0.069651
5417,isl,1965,0.031892
5417,isl,1966,0.015498
5417,isl,1967,0.051749
5417,isl,1968,0.040714
5417,isl,1969,0.03793
5417,isl,1970,0.015562
5417,isl,1971,0.036576
5417,isl,1972,0.059568
5417,isl,1973,0.058918
5417,isl,1974,0.106798
5417,isl,1975,0.484754
5417,isl,1976,0.081821
5417,isl,1977,0.075132
5417,isl,1978,0.011355
5417,isl,1979,0.03976
5417,isl,1980,0.010992
5417,isl,1981,0.04588
5417,isl,1982,0.083548
5417,isl,1983,0.120724
5417,isl,1984,0.008189
5417,isl,1985,0.03441
5417,isl,1986,0.051133
5417,isl,1987,0.01923
5417,isr,1988,0.425321
5417,isr,1989,0.313882
5417,isr,1990,0.35054
5417,isr,1991,0.541739
5417,isr,1992,0.529027
5417,isr,1993,0.798719
5417,isr,1994,1.177726
5417,isr,1995,0.814382
5417,isr,1996,1.104817
5417,isr,1997,1.22418
5417,isr,1998,0.908115
5417,isr,1999,0.826282
5417,isr,2000,1.026168
5417,isr,2001,1.2316
5417,isr,2002,1.198902
5417,isr,2003,1.319934
5417,isr,2004,1.417583
5417,isr,2005,2.085886
5417,isr,2006,2.889134
5417,isr,2007,2.962273
5417,isr,2008,3.561579
5417,isr,2009,3.361033
5417,isr,2010,4.711879
5417,isr,2011,5.486086
5417,isr,2012,5.725974
5417,isr,2013,5.392743
5417,isr,2014,4.451963
5417,isr,2015,5.328936
5417,isr,2016,4.865626
5417,isr,1962,0.909772
5417,isr,1963,0.412481
5417,isr,1964,0.252699
5417,isr,1965,0.279583
5417,isr,1966,0.235699
5417,isr,1967,0.271781
5417,isr,1968,0.297276
5417,isr,1969,0.262471
5417,isr,1970,0.337123
5417,isr,1971,0.32902
5417,isr,1972,0.360882
5417,isr,1973,0.330116
5417,isr,1974,0.434898
5417,isr,1975,0.363903
5417,isr,1976,0.485903
5417,isr,1977,0.31197
5417,isr,1978,0.262049
5417,isr,1979,0.372587
5417,isr,1980,0.290873
5417,isr,1981,0.205059
5417,isr,1982,0.352077
5417,isr,1983,0.348386
5417,isr,1984,0.32097
5417,isr,1985,0.345378
5417,isr,1986,0.318249
5417,isr,1987,0.32789
5417,ita,1988,0.71886
5417,ita,1989,0.659024
5417,ita,1990,0.651912
5417,ita,1991,0.670373
5417,ita,1992,0.929133
5417,ita,1993,0.937717
5417,ita,1994,0.912875
5417,ita,1995,1.010621
5417,ita,1996,1.122601
5417,ita,1997,1.239956
5417,ita,1998,1.212043
5417,ita,1999,1.384583
5417,ita,2000,1.775738
5417,ita,2001,1.501966
5417,ita,2002,1.303427
5417,ita,2003,1.226297
5417,ita,2004,1.204569
5417,ita,2005,1.369408
5417,ita,2006,1.352228
5417,ita,2007,1.269814
5417,ita,2008,1.264907
5417,ita,2009,1.21455
5417,ita,2010,1.464913
5417,ita,2011,1.696304
5417,ita,2012,1.959267
5417,ita,2013,2.134593
5417,ita,2014,2.212794
5417,ita,2015,1.76412
5417,ita,2016,1.699482
5417,ita,1962,1.094753
5417,ita,1963,0.964836
5417,ita,1964,0.797448
5417,ita,1965,0.721905
5417,ita,1966,0.769885
5417,ita,1967,0.655908
5417,ita,1968,0.637215
5417,ita,1969,0.581369
5417,ita,1970,0.624816
5417,ita,1971,0.656461
5417,ita,1972,0.59867
5417,ita,1973,0.653218
5417,ita,1974,0.755035
5417,ita,1975,0.74079
5417,ita,1976,0.787802
5417,ita,1977,0.803362
5417,ita,1978,0.686291
5417,ita,1979,0.693125
5417,ita,1980,0.730535
5417,ita,1981,0.753327
5417,ita,1982,0.77232
5417,ita,1983,0.791313
5417,ita,1984,0.833634
5417,ita,1985,0.858675
5417,ita,1986,0.710127
5417,ita,1987,0.635878
5417,jam,1988,0.325261
5417,jam,1989,0.282031
5417,jam,1990,0.381938
5417,jam,1991,0.236545
5417,jam,1992,0.320815
5417,jam,1993,0.263962
5417,jam,1994,0.116426
5417,jam,1995,0.070881
5417,jam,1996,0.218826
5417,jam,1997,0.052134
5417,jam,1998,0.050466
5417,jam,1999,0.11931
5417,jam,2000,0.113248
5417,jam,2001,0.081777
5417,jam,2002,0.046843
5417,jam,2003,0.039541
5417,jam,2004,0.092279
5417,jam,2005,0.054298
5417,jam,2006,0.068119
5417,jam,2007,0.050868
5417,jam,2008,0.055713
5417,jam,2009,0.072127
5417,jam,2010,0.188827
5417,jam,2011,0.066342
5417,jam,2012,0.0669
5417,jam,2013,0.089958
5417,jam,2014,0.076298
5417,jam,2015,0.063713
5417,jam,2016,0.20827
5417,jam,1962,0.038889
5417,jam,1963,0.067352
5417,jam,1964,0.011885
5417,jam,1965,0.014601
5417,jam,1966,0.013031
5417,jam,1967,0.028483
5417,jam,1968,0.104482
5417,jam,1969,0.099911
5417,jam,1970,0.111868
5417,jam,1971,0.151505
5417,jam,1972,0.152566
5417,jam,1973,0.088286
5417,jam,1974,0.104996
5417,jam,1975,0.170336
5417,jam,1976,0.391191
5417,jam,1977,0.413614
5417,jam,1978,0
5417,jam,1979,0.640657
5417,jam,1980,0.416164
5417,jam,1981,0.280646
5417,jam,1982,0.501001
5417,jam,1983,0.779302
5417,jam,1984,0.493382
5417,jam,1985,0.556805
5417,jam,1986,0.360397
5417,jam,1987,0.30914
5417,jor,1988,6.266263
5417,jor,1989,6.655582
5417,jor,1990,7.533632
5417,jor,1991,7.855741
5417,jor,1992,9.455294
5417,jor,1993,11.754932
5417,jor,1994,12.441297
5417,jor,1995,7.740526
5417,jor,1996,5.020565
5417,jor,1997,2.910767
5417,jor,1998,7.732159
5417,jor,1999,5.171769
5417,jor,2000,5.475672
5417,jor,2001,4.44544
5417,jor,2002,3.265825
5417,jor,2003,2.551924
5417,jor,2004,2.258274
5417,jor,2005,2.529844
5417,jor,2006,2.449439
5417,jor,2007,3.232038
5417,jor,2008,2.754807
5417,jor,2009,2.863574
5417,jor,2010,3.975269
5417,jor,2011,3.488693
5417,jor,2012,3.565857
5417,jor,2013,4.166952
5417,jor,2014,3.542267
5417,jor,2015,2.972273
5417,jor,2016,3.77355
5417,jor,1962,0
5417,jor,1963,0
5417,jor,1964,0.120656
5417,jor,1965,0.422702
5417,jor,1966,0.061416
5417,jor,1967,0.067395
5417,jor,1968,0.683663
5417,jor,1969,0.852291
5417,jor,1970,2.183138
5417,jor,1971,3.653594
5417,jor,1972,2.176766
5417,jor,1973,4.36102
5417,jor,1974,3.536202
5417,jor,1975,3.783924
5417,jor,1976,2.004579
5417,jor,1977,3.815088
5417,jor,1978,2.248086
5417,jor,1979,4.012293
5417,jor,1980,3.598568
5417,jor,1981,4.15532
5417,jor,1982,5.738524
5417,jor,1983,5.340467
5417,jor,1984,5.984893
5417,jor,1985,6.129048
5417,jor,1986,6.628567
5417,jor,1987,6.514534
5417,jpn,1988,0.126229
5417,jpn,1989,0.091865
5417,jpn,1990,0.116292
5417,jpn,1991,0.1228
5417,jpn,1992,0.130352
5417,jpn,1993,0.145236
5417,jpn,1994,0.142444
5417,jpn,1995,0.17739
5417,jpn,1996,0.209161
5417,jpn,1997,0.214827
5417,jpn,1998,0.202474
5417,jpn,1999,0.272946
5417,jpn,2000,0.301456
5417,jpn,2001,0.291272
5417,jpn,2002,0.235686
5417,jpn,2003,0.256043
5417,jpn,2004,0.234172
5417,jpn,2005,0.224953
5417,jpn,2006,0.189663
5417,jpn,2007,0.179888
5417,jpn,2008,0.18019
5417,jpn,2009,0.240594
5417,jpn,2010,0.213881
5417,jpn,2011,0.212099
5417,jpn,2012,0.179623
5417,jpn,2013,0.197221
5417,jpn,2014,0.203919
5417,jpn,2015,0.219962
5417,jpn,2016,0.243463
5417,jpn,1962,0.60063
5417,jpn,1963,0.461268
5417,jpn,1964,0.386267
5417,jpn,1965,0.313923
5417,jpn,1966,0.290554
5417,jpn,1967,0.297697
5417,jpn,1968,0.262374
5417,jpn,1969,0.231726
5417,jpn,1970,0.238416
5417,jpn,1971,0.201915
5417,jpn,1972,0.163537
5417,jpn,1973,0.124379
5417,jpn,1974,0.123911
5417,jpn,1975,0.113386
5417,jpn,1976,0.09877
5417,jpn,1977,0.092705
5417,jpn,1978,0.092266
5417,jpn,1979,0.108264
5417,jpn,1980,0.096211
5417,jpn,1981,0.108103
5417,jpn,1982,0.097169
5417,jpn,1983,0.102455
5417,jpn,1984,0.096547
5417,jpn,1985,0.095171
5417,jpn,1986,0.107947
5417,jpn,1987,0.127067
5417,ken,1988,0.596996
5417,ken,1989,0.155621
5417,ken,1990,0.602702
5417,ken,1991,0.761166
5417,ken,1992,0.627774
5417,ken,1993,0.730397
5417,ken,1994,1.238067
5417,ken,1995,0.999306
5417,ken,1996,1.100616
5417,ken,1997,0.900569
5417,ken,1998,0.793032
5417,ken,1999,0.770999
5417,ken,2000,1.134627
5417,ken,2001,0.52114
5417,ken,2002,0.302356
5417,ken,2003,0.386946
5417,ken,2004,0.277038
5417,ken,2005,0.317899
5417,ken,2006,0.411846
5417,ken,2007,0.555798
5417,ken,2008,0.614176
5417,ken,2009,0.477647
5417,ken,2010,0.500186
5417,ken,2011,0.531272
5417,ken,2012,0.755793
5417,ken,2013,0.571447
5417,ken,2014,0.679181
5417,ken,2015,0.525344
5417,ken,2016,0.780716
5417,ken,1962,0.100938
5417,ken,1963,0.01446
5417,ken,1964,0.06595
5417,ken,1965,0.009254
5417,ken,1966,0.161221
5417,ken,1967,0.443939
5417,ken,1968,0.027238
5417,ken,1969,0.055117
5417,ken,1970,0.336515
5417,ken,1971,0.072122
5417,ken,1972,0.139593
5417,ken,1973,0.207611
5417,ken,1974,0.314628
5417,ken,1975,0.46376
5417,ken,1976,1.277896
5417,ken,1977,0.666093
5417,ken,1978,0.337118
5417,ken,1979,0.436949
5417,ken,1980,0.950563
5417,ken,1981,0.905185
5417,ken,1982,0.484928
5417,ken,1983,0.731694
5417,ken,1984,0.408713
5417,ken,1985,0.59403
5417,ken,1986,0.656672
5417,ken,1987,1.130913
5417,khm,1988,0
5417,khm,1989,0
5417,khm,1990,0
5417,khm,1991,0
5417,khm,1992,0.002565
5417,khm,1993,0.028548
5417,khm,1994,0.118789
5417,khm,1995,0
5417,khm,1996,0.007096
5417,khm,1997,0.008146
5417,khm,1998,0
5417,khm,1999,0.004991
5417,khm,2000,0.003985
5417,khm,2001,0.002185
5417,khm,2002,0.010616
5417,khm,2003,0.009302
5417,khm,2004,0.01966
5417,khm,2005,0.01107
5417,khm,2006,0.014218
5417,khm,2007,0.045209
5417,khm,2008,0.01071
5417,khm,2009,0.025524
5417,khm,2010,0.008775
5417,khm,2011,0.010948
5417,khm,2012,0.012791
5417,khm,2013,0.014083
5417,khm,2014,0.014886
5417,khm,2015,0.016241
5417,khm,2016,0.012851
5417,khm,1962,0.004166
5417,khm,1963,0
5417,khm,1964,0
5417,khm,1965,0
5417,khm,1966,0
5417,khm,1967,0
5417,khm,1968,0.00698
5417,khm,1969,0.007442
5417,khm,1970,0
5417,khm,1971,0.040122
5417,khm,1972,0
5417,khm,1973,0.023349
5417,khm,1974,0
5417,khm,1975,0
5417,khm,1976,1.357889
5417,khm,1977,0
5417,khm,1978,0
5417,khm,1979,0
5417,khm,1980,0
5417,khm,1981,0
5417,khm,1982,0.058181
5417,khm,1983,0.091659
5417,khm,1984,3.54527
5417,khm,1985,0
5417,khm,1986,0
5417,khm,1987,0
5417,kir,1988,0
5417,kir,1989,0
5417,kir,1990,0
5417,kir,1991,0
5417,kir,1992,0
5417,kir,1993,0
5417,kir,1994,0.032999
5417,kir,1995,0
5417,kir,1996,0
5417,kir,1997,0
5417,kir,1998,0
5417,kir,1999,0
5417,kir,2000,0
5417,kir,2001,0.00753
5417,kir,2002,0
5417,kir,2003,0.048507
5417,kir,2004,0
5417,kir,2005,0
5417,kir,2006,0
5417,kir,2007,0
5417,kir,2008,0
5417,kir,2009,0.001533
5417,kir,2010,0
5417,kir,2011,0.002597
5417,kir,2012,0
5417,kir,2013,0
5417,kir,2014,0
5417,kir,2015,0
5417,kir,2016,0.000686
5417,kir,1970,0
5417,kir,1971,0
5417,kir,1972,0
5417,kir,1973,0
5417,kir,1974,0
5417,kir,1975,0
5417,kir,1976,0
5417,kir,1977,0
5417,kir,1978,0
5417,kir,1979,0
5417,kir,1980,0
5417,kir,1981,0
5417,kir,1982,0
5417,kir,1983,0
5417,kir,1984,0
5417,kir,1985,0
5417,kir,1986,0
5417,kir,1987,0
5417,kna,1988,0.02998
5417,kna,1989,0.026901
5417,kna,1990,0
5417,kna,1991,0
5417,kna,1992,0
5417,kna,1993,0
5417,kna,1994,0.003795
5417,kna,1995,0
5417,kna,1996,0
5417,kna,1997,0.030433
5417,kna,1998,0.014947
5417,kna,1999,0.000973
5417,kna,2000,0.011024
5417,kna,2001,0.004732
5417,kna,2002,0.001716
5417,kna,2003,0.002364
5417,kna,2004,0.107421
5417,kna,2005,0.003831
5417,kna,2006,0.000771
5417,kna,2007,0.001568
5417,kna,2008,0.001292
5417,kna,2009,0
5417,kna,2010,0
5417,kna,2011,0.001445
5417,kna,2012,0.001087
5417,kna,2013,4.95551
5417,kna,2014,0.001188
5417,kna,2015,0
5417,kna,2016,0.000347
5417,kna,1968,0
5417,kna,1970,0
5417,kna,1971,0.022931
5417,kna,1972,0.005431
5417,kna,1973,0
5417,kna,1974,0
5417,kna,1975,0.031465
5417,kna,1976,0
5417,kna,1977,0.129455
5417,kna,1978,0.039649
5417,kna,1979,0.013462
5417,kna,1980,0
5417,kna,1981,0.538482
5417,kna,1982,0
5417,kna,1983,0
5417,kna,1984,0
5417,kna,1985,0.006346
5417,kna,1986,0.333281
5417,kna,1987,0
5417,kor,1988,0.072771
5417,kor,1989,0.06175
5417,kor,1990,0.060481
5417,kor,1991,0.088893
5417,kor,1992,0.077262
5417,kor,1993,0.058173
5417,kor,1994,0.050014
5417,kor,1995,0.044405
5417,kor,1996,0.057024
5417,kor,1997,0.05412
5417,kor,1998,0.047954
5417,kor,1999,0.044024
5417,kor,2000,0.049195
5417,kor,2001,0.046209
5417,kor,2002,0.039328
5417,kor,2003,0.037914
5417,kor,2004,0.033641
5417,kor,2005,0.036224
5417,kor,2006,0.035594
5417,kor,2007,0.043144
5417,kor,2008,0.049661
5417,kor,2009,0.048834
5417,kor,2010,0.044355
5417,kor,2011,0.048118
5417,kor,2012,0.060947
5417,kor,2013,0.059537
5417,kor,2014,0.064166
5417,kor,2015,0.069714
5417,kor,2016,0.070201
5417,kor,1962,0.366608
5417,kor,1963,0.263349
5417,kor,1964,0.189125
5417,kor,1965,0.155965
5417,kor,1966,0.158335
5417,kor,1967,0.098382
5417,kor,1968,0.070096
5417,kor,1969,0.126243
5417,kor,1970,0.175846
5417,kor,1971,0.215052
5417,kor,1972,0.226412
5417,kor,1973,0.245907
5417,kor,1974,0.242334
5417,kor,1975,0.314905
5417,kor,1976,0.248818
5417,kor,1977,0.186867
5417,kor,1978,0.176374
5417,kor,1979,0.177997
5417,kor,1980,0.144071
5417,kor,1981,0.136077
5417,kor,1982,0.109503
5417,kor,1983,0.104741
5417,kor,1984,0.104577
5417,kor,1985,0.123848
5417,kor,1986,0.100047
5417,kor,1987,0.094443
5417,kwt,1988,0.027156
5417,kwt,1989,0.014879
5417,kwt,1990,0.026016
5417,kwt,1991,0.02379
5417,kwt,1992,0.03137
5417,kwt,1993,0.000387
5417,kwt,1994,0.000285
5417,kwt,1995,0.004777
5417,kwt,1996,0.000246
5417,kwt,1997,0.002287
5417,kwt,1998,0.002466
5417,kwt,1999,0.003753
5417,kwt,2000,0.020084
5417,kwt,2001,0.012439
5417,kwt,2002,0.02746
5417,kwt,2003,0.024582
5417,kwt,2004,0.011646
5417,kwt,2005,0.011651
5417,kwt,2006,0.012321
5417,kwt,2007,0.010467
5417,kwt,2008,0.011419
5417,kwt,2009,0.015378
5417,kwt,2010,0.015811
5417,kwt,2011,0.01138
5417,kwt,2012,0.010921
5417,kwt,2013,0.013997
5417,kwt,2014,0.012747
5417,kwt,2015,0.022616
5417,kwt,2016,0.02097
5417,kwt,1962,0.000941
5417,kwt,1963,0
5417,kwt,1964,0
5417,kwt,1965,0
5417,kwt,1966,0.000072
5417,kwt,1967,0.000556
5417,kwt,1968,0.000314
5417,kwt,1969,0.000972
5417,kwt,1970,0.009052
5417,kwt,1971,0.007029
5417,kwt,1972,0.015719
5417,kwt,1973,0.001215
5417,kwt,1974,0.016315
5417,kwt,1975,0.006933
5417,kwt,1976,0.023437
5417,kwt,1977,0.006481
5417,kwt,1978,0.003815
5417,kwt,1979,0.003446
5417,kwt,1980,0.001596
5417,kwt,1981,0.001168
5417,kwt,1982,0.001066
5417,kwt,1983,0.002122
5417,kwt,1984,0.000556
5417,kwt,1985,0.001366
5417,kwt,1986,0.001724
5417,kwt,1987,0.010728
5417,lao,1988,0
5417,lao,1989,0.001753
5417,lao,1990,0.047911
5417,lao,1991,0
5417,lao,1992,0.008281
5417,lao,1993,0
5417,lao,1994,0
5417,lao,1995,0.001216
5417,lao,1996,0
5417,lao,1997,0
5417,lao,1998,0
5417,lao,1999,0.006525
5417,lao,2000,0.035515
5417,lao,2001,0.031614
5417,lao,2002,0.011876
5417,lao,2003,0.009728
5417,lao,2004,0.000769
5417,lao,2005,0.033479
5417,lao,2006,0.006
5417,lao,2007,0.003874
5417,lao,2008,0.013806
5417,lao,2009,0.0562
5417,lao,2010,0.008306
5417,lao,2011,0.000488
5417,lao,2012,0.000457
5417,lao,2013,0.000318
5417,lao,2014,0.000109
5417,lao,2015,0.000114
5417,lao,2016,0
5417,lao,1962,1.072853
5417,lao,1963,0
5417,lao,1964,0
5417,lao,1965,0
5417,lao,1966,0
5417,lao,1967,0
5417,lao,1968,0
5417,lao,1969,0
5417,lao,1970,0
5417,lao,1971,0
5417,lao,1972,0
5417,lao,1973,0
5417,lao,1974,0.016679
5417,lao,1975,0
5417,lao,1976,0
5417,lao,1977,1.875179
5417,lao,1978,0
5417,lao,1979,0
5417,lao,1980,1.803293
5417,lao,1981,0.076307
5417,lao,1982,0
5417,lao,1983,0
5417,lao,1984,0
5417,lao,1985,0
5417,lao,1986,0
5417,lao,1987,0
5417,lbn,1988,0.801575
5417,lbn,1989,1.54095
5417,lbn,1990,0.223032
5417,lbn,1991,0.09592
5417,lbn,1992,0.220589
5417,lbn,1993,0.156393
5417,lbn,1994,0.146173
5417,lbn,1995,0.184807
5417,lbn,1996,0.168042
5417,lbn,1997,0.179366
5417,lbn,1998,0.285632
5417,lbn,1999,0.220987
5417,lbn,2000,0.51355
5417,lbn,2001,0.149315
5417,lbn,2002,0.142433
5417,lbn,2003,0.106255
5417,lbn,2004,0.132858
5417,lbn,2005,0.169716
5417,lbn,2006,0.146975
5417,lbn,2007,0.157279
5417,lbn,2008,0.19767
5417,lbn,2009,0.154605
5417,lbn,2010,0.168359
5417,lbn,2011,0.292048
5417,lbn,2012,0.298836
5417,lbn,2013,0.348422
5417,lbn,2014,0.45771
5417,lbn,2015,0.451671
5417,lbn,2016,0.561949
5417,lbn,1962,0.006047
5417,lbn,1963,0.139269
5417,lbn,1964,0.132733
5417,lbn,1965,0.509071
5417,lbn,1966,0.453826
5417,lbn,1967,1.187873
5417,lbn,1968,1.494153
5417,lbn,1969,2.237851
5417,lbn,1970,1.82625
5417,lbn,1971,2.157469
5417,lbn,1972,1.480354
5417,lbn,1973,1.466779
5417,lbn,1974,1.662986
5417,lbn,1975,1.799486
5417,lbn,1976,2.435329
5417,lbn,1977,1.958712
5417,lbn,1978,1.317446
5417,lbn,1979,2.732706
5417,lbn,1980,2.017024
5417,lbn,1981,1.978728
5417,lbn,1982,2.044769
5417,lbn,1983,3.827303
5417,lbn,1984,2.477858
5417,lbn,1985,3.763913
5417,lbn,1986,1.438198
5417,lbn,1987,0.73499
5417,lbr,1988,0.000957
5417,lbr,1989,0
5417,lbr,1990,0.002823
5417,lbr,1991,0.00147
5417,lbr,1992,0.006169
5417,lbr,1993,0.000229
5417,lbr,1994,0
5417,lbr,1995,0
5417,lbr,1996,0
5417,lbr,1997,0.003694
5417,lbr,1998,0.000052
5417,lbr,1999,0.01166
5417,lbr,2000,0.012527
5417,lbr,2001,0.004053
5417,lbr,2002,0.003488
5417,lbr,2003,0.005334
5417,lbr,2004,0.002438
5417,lbr,2005,0.002332
5417,lbr,2006,0.001339
5417,lbr,2007,0.001223
5417,lbr,2008,0.009164
5417,lbr,2009,0.001287
5417,lbr,2010,0.003249
5417,lbr,2011,0.013882
5417,lbr,2012,0.000602
5417,lbr,2013,0.001163
5417,lbr,2014,0
5417,lbr,2015,0.000391
5417,lbr,2016,0.000062
5417,lbr,1962,0
5417,lbr,1963,0.004915
5417,lbr,1964,0
5417,lbr,1965,0
5417,lbr,1966,0
5417,lbr,1967,0.001495
5417,lbr,1968,0.001117
5417,lbr,1969,0
5417,lbr,1970,0
5417,lbr,1971,0.004887
5417,lbr,1972,0.002349
5417,lbr,1973,0.002104
5417,lbr,1974,0.00132
5417,lbr,1975,0.002489
5417,lbr,1976,0.003703
5417,lbr,1977,0.046937
5417,lbr,1978,0.104308
5417,lbr,1979,0.011118
5417,lbr,1980,0.002771
5417,lbr,1981,0.005002
5417,lbr,1982,0.005728
5417,lbr,1983,0.001288
5417,lbr,1984,0
5417,lbr,1985,0.003986
5417,lbr,1986,0.000124
5417,lbr,1987,0.000621
5417,lby,1988,0.001283
5417,lby,1989,0.000041
5417,lby,1990,0.000082
5417,lby,1991,0.000879
5417,lby,1992,0
5417,lby,1993,0
5417,lby,1994,0
5417,lby,1995,0
5417,lby,1996,0.000112
5417,lby,1997,0
5417,lby,1998,0.00009
5417,lby,1999,0.000162
5417,lby,2000,0.000597
5417,lby,2001,0.000812
5417,lby,2002,0.000027
5417,lby,2003,0.000137
5417,lby,2004,0.00011
5417,lby,2005,0.000227
5417,lby,2006,0.000206
5417,lby,2007,0.000028
5417,lby,2008,0.003582
5417,lby,2009,0.00004
5417,lby,2010,0
5417,lby,2011,0.001001
5417,lby,2012,0.000275
5417,lby,2013,0.000077
5417,lby,2014,0.000582
5417,lby,2015,0.000089
5417,lby,2016,0.00001
5417,lby,1962,0
5417,lby,1963,0
5417,lby,1964,0
5417,lby,1965,0.000394
5417,lby,1966,0.000134
5417,lby,1967,0.000865
5417,lby,1968,0.000217
5417,lby,1969,0.000359
5417,lby,1970,0.000974
5417,lby,1971,0.002151
5417,lby,1972,0.000373
5417,lby,1973,0.000251
5417,lby,1974,0.000102
5417,lby,1975,0.00025
5417,lby,1976,0.006364
5417,lby,1977,0.000817
5417,lby,1978,0.000179
5417,lby,1979,0
5417,lby,1980,0.001596
5417,lby,1981,0
5417,lby,1982,0
5417,lby,1983,0
5417,lby,1984,0
5417,lby,1985,0
5417,lby,1986,0
5417,lby,1987,0
5417,lca,1988,0.022081
5417,lca,1989,0.000666
5417,lca,1990,0.001208
5417,lca,1991,0.003116
5417,lca,1992,0
5417,lca,1993,0.001263
5417,lca,1994,0.002566
5417,lca,1995,0.004333
5417,lca,1996,0.004282
5417,lca,1997,0.000949
5417,lca,1998,0
5417,lca,1999,0
5417,lca,2000,0.019403
5417,lca,2001,0.02056
5417,lca,2002,0.041262
5417,lca,2003,0.024452
5417,lca,2004,0.01212
5417,lca,2005,0.029287
5417,lca,2006,0.139145
5417,lca,2007,0.34493
5417,lca,2008,0.031074
5417,lca,2009,0.023119
5417,lca,2010,0.029904
5417,lca,2011,0.00408
5417,lca,2012,0.061222
5417,lca,2013,0.086736
5417,lca,2014,0.390091
5417,lca,2015,0.032546
5417,lca,2016,0.023208
5417,lca,1965,0
5417,lca,1969,0
5417,lca,1970,0
5417,lca,1971,0
5417,lca,1972,0
5417,lca,1973,0
5417,lca,1974,0.153445
5417,lca,1975,0
5417,lca,1976,0.040091
5417,lca,1977,0.053532
5417,lca,1978,0
5417,lca,1979,0
5417,lca,1980,0
5417,lca,1981,0
5417,lca,1982,0.006907
5417,lca,1983,0.022547
5417,lca,1984,0
5417,lca,1985,0.00434
5417,lca,1986,0
5417,lca,1987,0.002406
5417,lka,1988,0.023758
5417,lka,1989,0.022234
5417,lka,1990,0.049828
5417,lka,1991,0.027141
5417,lka,1992,0.024762
5417,lka,1993,0.031968
5417,lka,1994,0.023014
5417,lka,1995,0.017743
5417,lka,1996,0.035918
5417,lka,1997,0.051723
5417,lka,1998,0.028651
5417,lka,1999,0.010148
5417,lka,2000,0.018974
5417,lka,2001,0.009593
5417,lka,2002,0.009701
5417,lka,2003,0.008104
5417,lka,2004,0.008049
5417,lka,2005,0.009762
5417,lka,2006,0.010234
5417,lka,2007,0.009907
5417,lka,2008,0.008222
5417,lka,2009,0.00628
5417,lka,2010,0.007915
5417,lka,2011,0.005513
5417,lka,2012,0.015065
5417,lka,2013,0.005876
5417,lka,2014,0.01993
5417,lka,2015,0.018722
5417,lka,2016,0.013275
5417,lka,1962,0.017797
5417,lka,1963,0.001912
5417,lka,1964,0.000461
5417,lka,1965,0.000284
5417,lka,1966,0.000696
5417,lka,1967,0.005215
5417,lka,1968,0.007653
5417,lka,1969,0.004052
5417,lka,1970,0.004135
5417,lka,1971,0.004412
5417,lka,1972,0.002089
5417,lka,1973,0.039287
5417,lka,1974,0.020174
5417,lka,1975,0.016872
5417,lka,1976,0.044793
5417,lka,1977,0.020655
5417,lka,1978,0.009525
5417,lka,1979,0.032423
5417,lka,1980,0.012487
5417,lka,1981,0.013154
5417,lka,1982,0.037586
5417,lka,1983,0.054058
5417,lka,1984,0.025292
5417,lka,1985,0.037351
5417,lka,1986,0.019234
5417,lka,1987,0.021425
5417,mac,1988,0.229804
5417,mac,1989,0.249039
5417,mac,1990,0.19813
5417,mac,1991,0.16864
5417,mac,1992,0.071295
5417,mac,1993,0.079256
5417,mac,1994,0.080964
5417,mac,1995,0.125376
5417,mac,1996,0.08126
5417,mac,1997,0.087397
5417,mac,1998,0.085328
5417,mac,1999,0.059478
5417,mac,2000,0.049087
5417,mac,2001,0.047522
5417,mac,2002,0.044645
5417,mac,2003,0.036659
5417,mac,2004,0.034298
5417,mac,2005,0.056812
5417,mac,2006,0.081418
5417,mac,2007,0.085231
5417,mac,2008,0.136181
5417,mac,2009,0.191574
5417,mac,2010,0.301884
5417,mac,2011,0.19977
5417,mac,2012,0.239869
5417,mac,2013,0.136936
5417,mac,2014,0.220528
5417,mac,2015,0.929006
5417,mac,2016,0.236267
5417,mac,1962,0
5417,mac,1963,0
5417,mac,1964,0
5417,mac,1965,0
5417,mac,1966,0
5417,mac,1967,0
5417,mac,1968,0
5417,mac,1969,0
5417,mac,1970,0.67585
5417,mac,1971,0.576392
5417,mac,1972,0.453107
5417,mac,1973,0.352887
5417,mac,1974,0.652653
5417,mac,1975,0.524543
5417,mac,1976,0.339027
5417,mac,1977,0.241649
5417,mac,1978,0.346669
5417,mac,1979,0.623445
5417,mac,1980,0.434493
5417,mac,1981,0.309798
5417,mac,1982,0.284146
5417,mac,1983,0.255464
5417,mac,1984,0.167712
5417,mac,1985,0.235572
5417,mac,1986,0.226281
5417,mac,1987,0.242726
5417,mar,1988,0.155361
5417,mar,1989,0.166763
5417,mar,1990,0.387847
5417,mar,1991,0.21804
5417,mar,1992,0.272898
5417,mar,1993,0.370888
5417,mar,1994,0.425781
5417,mar,1995,0.218714
5417,mar,1996,0.072377
5417,mar,1997,0.077464
5417,mar,1998,0.108926
5417,mar,1999,0.0986
5417,mar,2000,0.082892
5417,mar,2001,0.078743
5417,mar,2002,0.068969
5417,mar,2003,0.043296
5417,mar,2004,0.056157
5417,mar,2005,0.065618
5417,mar,2006,0.064481
5417,mar,2007,0.071515
5417,mar,2008,0.070001
5417,mar,2009,0.068895
5417,mar,2010,0.082103
5417,mar,2011,0.075604
5417,mar,2012,0.118862
5417,mar,2013,0.123474
5417,mar,2014,0.130259
5417,mar,2015,0.109984
5417,mar,2016,0.104149
5417,mar,1962,0.202101
5417,mar,1963,0.140324
5417,mar,1964,0.093515
5417,mar,1965,0.035999
5417,mar,1966,0.035018
5417,mar,1967,0.013637
5417,mar,1968,0.001074
5417,mar,1969,0.007171
5417,mar,1970,0.004864
5417,mar,1971,0.025363
5417,mar,1972,0.076596
5417,mar,1973,0.094737
5417,mar,1974,0.052607
5417,mar,1975,0.096638
5417,mar,1976,0.01603
5417,mar,1977,0.031673
5417,mar,1978,0.028039
5417,mar,1979,0.010522
5417,mar,1980,0.008039
5417,mar,1981,0.009641
5417,mar,1982,0.042141
5417,mar,1983,0.04697
5417,mar,1984,0.065267
5417,mar,1985,0.149721
5417,mar,1986,0.154182
5417,mar,1987,0.189103
5417,mdg,1988,0.001533
5417,mdg,1989,0.01273
5417,mdg,1990,0.85413
5417,mdg,1991,0.000175
5417,mdg,1992,0.000185
5417,mdg,1993,0.000704
5417,mdg,1994,0.009799
5417,mdg,1995,0.01003
5417,mdg,1996,0.027099
5417,mdg,1997,0.007579
5417,mdg,1998,0.012525
5417,mdg,1999,0.000748
5417,mdg,2000,0.000034
5417,mdg,2001,0.011942
5417,mdg,2002,0.004761
5417,mdg,2003,0.004322
5417,mdg,2004,0.000612
5417,mdg,2005,0.003195
5417,mdg,2006,0.001154
5417,mdg,2007,0.000309
5417,mdg,2008,0.000263
5417,mdg,2009,0.004807
5417,mdg,2010,0.002548
5417,mdg,2011,0.002263
5417,mdg,2012,0.001904
5417,mdg,2013,0.000352
5417,mdg,2014,0.000708
5417,mdg,2015,0.00112
5417,mdg,2016,0.002786
5417,mdg,1962,0.007997
5417,mdg,1963,0.015048
5417,mdg,1964,0.013748
5417,mdg,1965,0
5417,mdg,1966,0.159414
5417,mdg,1967,0.013423
5417,mdg,1968,0.002705
5417,mdg,1969,0.010001
5417,mdg,1970,0.000575
5417,mdg,1971,0.018623
5417,mdg,1972,0.00217
5417,mdg,1973,0.004394
5417,mdg,1974,0
5417,mdg,1975,0.003216
5417,mdg,1976,0.001459
5417,mdg,1977,0.000385
5417,mdg,1978,0.014798
5417,mdg,1979,0.003249
5417,mdg,1980,0.009818
5417,mdg,1981,0
5417,mdg,1982,0.003476
5417,mdg,1983,0
5417,mdg,1984,0
5417,mdg,1985,0
5417,mdg,1986,0.014979
5417,mdg,1987,0
5417,mdv,1988,0.581396
5417,mdv,1989,1.306892
5417,mdv,1990,0
5417,mdv,1991,0.001147
5417,mdv,1992,0
5417,mdv,1993,0.00959
5417,mdv,1994,0.009942
5417,mdv,1995,0.029807
5417,mdv,1996,0
5417,mdv,1997,0.050036
5417,mdv,1998,0.004724
5417,mdv,1999,0.00516
5417,mdv,2000,0.009292
5417,mdv,2001,0.017671
5417,mdv,2002,0.013715
5417,mdv,2003,0.001607
5417,mdv,2004,0.001636
5417,mdv,2005,0.009251
5417,mdv,2006,0.003705
5417,mdv,2007,0.009897
5417,mdv,2008,0.011608
5417,mdv,2009,0
5417,mdv,2010,0.000085
5417,mdv,2011,0.000062
5417,mdv,2012,0
5417,mdv,2013,0.002171
5417,mdv,2014,0
5417,mdv,2015,0.012159
5417,mdv,2016,0.000376
5417,mdv,1962,0
5417,mdv,1969,0
5417,mdv,1970,0.053535
5417,mdv,1971,0
5417,mdv,1972,0
5417,mdv,1973,0
5417,mdv,1974,0
5417,mdv,1975,0
5417,mdv,1976,0.275017
5417,mdv,1977,0.256439
5417,mdv,1978,0
5417,mdv,1979,0.050353
5417,mdv,1980,0.121504
5417,mdv,1981,0.296045
5417,mdv,1982,0.010671
5417,mdv,1983,0.118055
5417,mdv,1984,0.004679
5417,mdv,1985,0
5417,mdv,1986,0
5417,mdv,1987,0.038022
5417,mex,1988,0.128593
5417,mex,1989,0.125322
5417,mex,1990,0.102255
5417,mex,1991,0.120782
5417,mex,1992,0.139746
5417,mex,1993,0.155659
5417,mex,1994,0.190985
5417,mex,1995,0.225607
5417,mex,1996,0.265754
5417,mex,1997,0.263266
5417,mex,1998,0.26059
5417,mex,1999,0.28192
5417,mex,2000,0.239771
5417,mex,2001,0.256203
5417,mex,2002,0.213972
5417,mex,2003,0.214747
5417,mex,2004,0.317805
5417,mex,2005,0.209647
5417,mex,2006,0.173517
5417,mex,2007,0.171277
5417,mex,2008,0.18552
5417,mex,2009,0.182505
5417,mex,2010,0.207506
5417,mex,2011,0.243797
5417,mex,2012,0.282909
5417,mex,2013,0.299546
5417,mex,2014,0.23906
5417,mex,2015,0.18396
5417,mex,2016,0.15171
5417,mex,1962,1.187137
5417,mex,1963,0.967128
5417,mex,1964,0.532475
5417,mex,1965,0.549015
5417,mex,1966,0.526519
5417,mex,1967,0.591222
5417,mex,1968,0.58769
5417,mex,1969,0.519145
5417,mex,1970,0.539857
5417,mex,1971,0.738066
5417,mex,1972,0.645974
5417,mex,1973,0.650107
5417,mex,1974,0.747384
5417,mex,1975,0.595966
5417,mex,1976,0.611461
5417,mex,1977,0.577812
5417,mex,1978,0.499853
5417,mex,1979,0.394456
5417,mex,1980,0.232747
5417,mex,1981,0.166748
5417,mex,1982,0.12169
5417,mex,1983,0.05564
5417,mex,1984,0.048442
5417,mex,1985,0.045139
5417,mex,1986,0.138146
5417,mex,1987,0.110112
5417,mli,1988,0.004246
5417,mli,1989,0
5417,mli,1990,0
5417,mli,1991,0
5417,mli,1992,0.005375
5417,mli,1993,0.002277
5417,mli,1994,0.005423
5417,mli,1995,0.069981
5417,mli,1996,0.11058
5417,mli,1997,0.062046
5417,mli,1998,0.095196
5417,mli,1999,0.029804
5417,mli,2000,0.027946
5417,mli,2001,0.011228
5417,mli,2002,0.105569
5417,mli,2003,0.009226
5417,mli,2004,0.039674
5417,mli,2005,0.025517
5417,mli,2006,0.018783
5417,mli,2007,0.026536
5417,mli,2008,0.027054
5417,mli,2009,0.041545
5417,mli,2010,0.23981
5417,mli,2011,0.010526
5417,mli,2012,0.025849
5417,mli,2013,0.097448
5417,mli,2014,0.082963
5417,mli,2015,0.055183
5417,mli,2016,0.13018
5417,mli,1962,0
5417,mli,1963,0
5417,mli,1964,0
5417,mli,1965,0
5417,mli,1966,0
5417,mli,1967,0
5417,mli,1968,0
5417,mli,1969,0
5417,mli,1970,0
5417,mli,1971,0.006946
5417,mli,1972,0
5417,mli,1973,0
5417,mli,1974,0
5417,mli,1975,0.096916
5417,mli,1976,0
5417,mli,1977,0
5417,mli,1978,0.002032
5417,mli,1979,0
5417,mli,1980,0.004051
5417,mli,1981,0
5417,mli,1982,0.007423
5417,mli,1983,0
5417,mli,1984,0
5417,mli,1985,0
5417,mli,1986,0
5417,mli,1987,0.002372
5417,mlt,1988,0.763739
5417,mlt,1989,0.168818
5417,mlt,1990,0.190319
5417,mlt,1991,0.166983
5417,mlt,1992,0.189049
5417,mlt,1993,0.210673
5417,mlt,1994,0.142594
5417,mlt,1995,0.177537
5417,mlt,1996,0.121403
5417,mlt,1997,0.133184
5417,mlt,1998,0.124472
5417,mlt,1999,0.14015
5417,mlt,2000,0.143349
5417,mlt,2001,0.179115
5417,mlt,2002,0.071591
5417,mlt,2003,0.084194
5417,mlt,2004,0.277446
5417,mlt,2005,0.532051
5417,mlt,2006,0.664156
5417,mlt,2007,1.314027
5417,mlt,2008,1.438444
5417,mlt,2009,2.162218
5417,mlt,2010,2.488081
5417,mlt,2011,3.478415
5417,mlt,2012,3.794774
5417,mlt,2013,4.2382
5417,mlt,2014,4.834886
5417,mlt,2015,5.584452
5417,mlt,2016,14.537394
5417,mlt,1962,0.463243
5417,mlt,1963,0.197432
5417,mlt,1964,0.260423
5417,mlt,1965,0
5417,mlt,1966,0.239691
5417,mlt,1967,0.024054
5417,mlt,1968,0.01244
5417,mlt,1969,0.196547
5417,mlt,1970,0.011022
5417,mlt,1971,0.015376
5417,mlt,1972,0.043095
5417,mlt,1973,0.015804
5417,mlt,1974,0.012632
5417,mlt,1975,0.057907
5417,mlt,1976,0.029784
5417,mlt,1977,0.069343
5417,mlt,1978,0.365651
5417,mlt,1979,0.046449
5417,mlt,1980,0.447725
5417,mlt,1981,0.654676
5417,mlt,1982,0.704569
5417,mlt,1983,0.719873
5417,mlt,1984,0.73164
5417,mlt,1985,0.885796
5417,mlt,1986,0.975843
5417,mlt,1987,0.835685
5417,mmr,1988,0.013167
5417,mmr,1989,0.032502
5417,mmr,1990,0.00794
5417,mmr,1991,0.008445
5417,mmr,1992,0.008826
5417,mmr,1993,0.004965
5417,mmr,1994,0.00048
5417,mmr,1995,0
5417,mmr,1996,0.007156
5417,mmr,1997,0.003599
5417,mmr,1998,0.000507
5417,mmr,1999,0.018195
5417,mmr,2000,0.025188
5417,mmr,2001,0.001531
5417,mmr,2002,0.00089
5417,mmr,2003,0.000373
5417,mmr,2004,0.000404
5417,mmr,2005,0.000578
5417,mmr,2006,0.000438
5417,mmr,2007,0.002554
5417,mmr,2008,0.003052
5417,mmr,2009,0.000096
5417,mmr,2010,0.000562
5417,mmr,2011,0.000247
5417,mmr,2012,0.00063
5417,mmr,2013,0.000118
5417,mmr,2014,0.000281
5417,mmr,2015,0.000187
5417,mmr,2016,0.001059
5417,mmr,1962,0.021717
5417,mmr,1963,0.051674
5417,mmr,1964,0.011175
5417,mmr,1965,0.002428
5417,mmr,1966,0
5417,mmr,1967,0
5417,mmr,1968,0.004536
5417,mmr,1969,0.002193
5417,mmr,1970,0.008129
5417,mmr,1971,0.000641
5417,mmr,1972,0.003504
5417,mmr,1973,0.00868
5417,mmr,1974,0
5417,mmr,1975,0.003461
5417,mmr,1976,0
5417,mmr,1977,0
5417,mmr,1978,0
5417,mmr,1979,0.004668
5417,mmr,1980,0.008005
5417,mmr,1981,0.000875
5417,mmr,1982,0.003115
5417,mmr,1983,0
5417,mmr,1984,0
5417,mmr,1985,0
5417,mmr,1986,0.008477
5417,mmr,1987,0.003337
5417,mng,1988,0
5417,mng,1989,0
5417,mng,1990,0.023117
5417,mng,1991,0
5417,mng,1992,0.006702
5417,mng,1993,0.366863
5417,mng,1994,0.004762
5417,mng,1995,0.006495
5417,mng,1996,0.005694
5417,mng,1997,0.002089
5417,mng,1998,0.004455
5417,mng,1999,0.051544
5417,mng,2000,0.005089
5417,mng,2001,0.350821
5417,mng,2002,0.009233
5417,mng,2003,0.001344
5417,mng,2004,0.000812
5417,mng,2005,0.000699
5417,mng,2006,0.000159
5417,mng,2007,0.000186
5417,mng,2008,0.000004
5417,mng,2009,0.000067
5417,mng,2010,0.000195
5417,mng,2011,0.00065
5417,mng,2012,0.000063
5417,mng,2013,0.000283
5417,mng,2014,0.000151
5417,mng,2015,0.000587
5417,mng,2016,0.000595
5417,mng,1962,0
5417,mng,1963,0
5417,mng,1964,0
5417,mng,1965,0
5417,mng,1966,0
5417,mng,1967,0
5417,mng,1968,0
5417,mng,1969,0
5417,mng,1970,0
5417,mng,1971,0
5417,mng,1972,0
5417,mng,1973,0
5417,mng,1974,0
5417,mng,1975,0.007684
5417,mng,1976,0
5417,mng,1977,0
5417,mng,1978,0
5417,mng,1979,0
5417,mng,1980,0
5417,mng,1981,0
5417,mng,1982,16.95838
5417,mng,1983,0
5417,mng,1984,0
5417,mng,1985,0
5417,mng,1986,0
5417,mng,1987,0
5417,moz,1988,0.001141
5417,moz,1989,0.002873
5417,moz,1990,0.001166
5417,moz,1991,0
5417,moz,1992,0.000584
5417,moz,1993,0
5417,moz,1994,0.002425
5417,moz,1995,0.00237
5417,moz,1996,0.005838
5417,moz,1997,0.033381
5417,moz,1998,0
5417,moz,1999,0.005699
5417,moz,2000,0.004175
5417,moz,2001,0.005504
5417,moz,2002,0.00946
5417,moz,2003,0.002189
5417,moz,2004,0.000588
5417,moz,2005,0.000177
5417,moz,2006,0.001002
5417,moz,2007,0.000198
5417,moz,2008,0.001876
5417,moz,2009,0.039766
5417,moz,2010,0.011487
5417,moz,2011,0.072841
5417,moz,2012,0.000432
5417,moz,2013,0.000302
5417,moz,2014,0.000009
5417,moz,2015,0.000776
5417,moz,2016,0.001384
5417,moz,1962,0
5417,moz,1963,0
5417,moz,1964,0
5417,moz,1965,0
5417,moz,1966,0.17391
5417,moz,1967,0.216172
5417,moz,1968,0.090941
5417,moz,1969,0.066822
5417,moz,1970,0.000648
5417,moz,1971,0
5417,moz,1972,0
5417,moz,1973,0.000324
5417,moz,1974,0.01321
5417,moz,1975,0.002517
5417,moz,1976,0.008194
5417,moz,1977,0
5417,moz,1978,0
5417,moz,1979,0
5417,moz,1980,0
5417,moz,1981,0
5417,moz,1982,0.002128
5417,moz,1983,0
5417,moz,1984,0.005687
5417,moz,1985,0
5417,moz,1986,0
5417,moz,1987,0
5417,mrt,1988,0
5417,mrt,1989,0
5417,mrt,1990,0.001475
5417,mrt,1991,0
5417,mrt,1992,0
5417,mrt,1993,0
5417,mrt,1994,0.003226
5417,mrt,1995,0.000328
5417,mrt,1996,0.00005
5417,mrt,1997,0.000682
5417,mrt,1998,0.000692
5417,mrt,1999,0
5417,mrt,2000,0.004928
5417,mrt,2001,0.002454
5417,mrt,2002,0.001079
5417,mrt,2003,0.001586
5417,mrt,2004,0.039342
5417,mrt,2005,0.004831
5417,mrt,2006,0.006112
5417,mrt,2007,0.009274
5417,mrt,2008,0.002089
5417,mrt,2009,0.001253
5417,mrt,2010,0.002031
5417,mrt,2011,0.004627
5417,mrt,2012,0.011072
5417,mrt,2013,0.009278
5417,mrt,2014,0.009674
5417,mrt,2015,0.005183
5417,mrt,2016,0.005194
5417,mrt,1962,0
5417,mrt,1963,0
5417,mrt,1964,0
5417,mrt,1965,0
5417,mrt,1966,0
5417,mrt,1967,0
5417,mrt,1968,0
5417,mrt,1969,0
5417,mrt,1970,0
5417,mrt,1971,0
5417,mrt,1972,0.009407
5417,mrt,1973,0
5417,mrt,1974,0
5417,mrt,1975,0
5417,mrt,1976,0
5417,mrt,1977,0
5417,mrt,1978,0
5417,mrt,1979,0
5417,mrt,1980,0
5417,mrt,1981,0
5417,mrt,1982,0
5417,mrt,1983,0
5417,mrt,1984,0
5417,mrt,1985,0
5417,mrt,1986,0
5417,mrt,1987,0.003995
5417,msr,1988,0
5417,msr,1989,0
5417,msr,1990,24.762974
5417,msr,1991,9.9149
5417,msr,1992,0.35716
5417,msr,1993,0.08635
5417,msr,1994,2.239933
5417,msr,1995,0
5417,msr,1996,0
5417,msr,1997,0
5417,msr,1998,2.548407
5417,msr,1999,0.159331
5417,msr,2000,0.660224
5417,msr,2001,1.374464
5417,msr,2002,0
5417,msr,2003,0
5417,msr,2004,0
5417,msr,2005,0
5417,msr,2006,0
5417,msr,2007,3.12727
5417,msr,2008,0
5417,msr,2009,0
5417,msr,2010,0.006856
5417,msr,2011,1.758128
5417,msr,2012,0
5417,msr,2013,8.795291
5417,msr,2014,0
5417,msr,2015,0
5417,msr,2016,6.482852
5417,msr,1970,0
5417,msr,1971,0
5417,msr,1972,0
5417,msr,1973,0
5417,msr,1974,0.01667
5417,msr,1975,0
5417,msr,1976,0.015837
5417,msr,1977,0.107372
5417,msr,1978,0
5417,msr,1979,0
5417,msr,1980,0
5417,msr,1981,0
5417,msr,1982,0.05458
5417,msr,1983,0
5417,msr,1984,0
5417,msr,1985,0
5417,msr,1986,0.380638
5417,msr,1987,0
5417,mtq,1988,0.007566
5417,mtq,1989,0.025733
5417,mtq,1990,0.04385
5417,mtq,1991,0.105864
5417,mtq,1992,0.089612
5417,mtq,1993,0.073476
5417,mtq,1994,0.048692
5417,mtq,1995,0.051607
5417,mtq,1962,0
5417,mtq,1963,0
5417,mtq,1964,0.009098
5417,mtq,1965,0
5417,mtq,1966,0
5417,mtq,1967,0
5417,mtq,1968,0.017312
5417,mtq,1969,0.0017
5417,mtq,1970,0
5417,mtq,1971,0.001775
5417,mtq,1972,0
5417,mtq,1973,0.013357
5417,mtq,1974,0
5417,mtq,1975,0.019245
5417,mtq,1976,0
5417,mtq,1977,0.30191
5417,mtq,1978,0.001274
5417,mtq,1979,0.041871
5417,mtq,1980,0.031114
5417,mtq,1981,0.045273
5417,mtq,1982,0.069152
5417,mtq,1983,0.047049
5417,mtq,1984,0.019376
5417,mtq,1985,0.114518
5417,mtq,1986,0.098621
5417,mtq,1987,0.002955
5417,mus,1988,0.054894
5417,mus,1989,0
5417,mus,1990,0.004497
5417,mus,1991,0.012167
5417,mus,1992,0.004673
5417,mus,1993,0.015132
5417,mus,1994,0.026929
5417,mus,1995,0.05731
5417,mus,1996,0.017771
5417,mus,1997,0.044525
5417,mus,1998,0.102908
5417,mus,1999,0.098744
5417,mus,2000,0.093933
5417,mus,2001,0.058362
5417,mus,2002,0.056168
5417,mus,2003,0.067726
5417,mus,2004,0.073072
5417,mus,2005,0.107619
5417,mus,2006,0.128247
5417,mus,2007,0.431969
5417,mus,2008,0.393917
5417,mus,2009,0.376828
5417,mus,2010,0.59414
5417,mus,2011,0.692036
5417,mus,2012,0.500846
5417,mus,2013,0.438154
5417,mus,2014,0.363666
5417,mus,2015,0.36366
5417,mus,2016,0.37374
5417,mus,1962,0
5417,mus,1963,0.00137
5417,mus,1964,0.017872
5417,mus,1965,0
5417,mus,1966,0
5417,mus,1967,0.001697
5417,mus,1968,0.001509
5417,mus,1969,0.002256
5417,mus,1970,0
5417,mus,1971,0
5417,mus,1972,0
5417,mus,1973,0
5417,mus,1974,0
5417,mus,1975,0.00493
5417,mus,1976,0.016345
5417,mus,1977,0.004843
5417,mus,1978,0.008336
5417,mus,1979,0.001934
5417,mus,1980,0.010499
5417,mus,1981,0.012114
5417,mus,1982,0.012176
5417,mus,1983,0.011529
5417,mus,1984,0.003609
5417,mus,1985,0.000331
5417,mus,1986,0.001355
5417,mus,1987,0
5417,mwi,1988,0.079088
5417,mwi,1989,0.176387
5417,mwi,1990,0.042526
5417,mwi,1991,0.029186
5417,mwi,1992,0.003229
5417,mwi,1993,0
5417,mwi,1994,0.013208
5417,mwi,1995,0.016372
5417,mwi,1996,0.056105
5417,mwi,1997,0.054208
5417,mwi,1998,0.021986
5417,mwi,1999,0.013471
5417,mwi,2000,0.053392
5417,mwi,2001,0.007579
5417,mwi,2002,0.007196
5417,mwi,2003,0.014391
5417,mwi,2004,0.005671
5417,mwi,2005,0.005926
5417,mwi,2006,0.001901
5417,mwi,2007,0.009814
5417,mwi,2008,0.002941
5417,mwi,2009,0.010938
5417,mwi,2010,0.001794
5417,mwi,2011,0.002302
5417,mwi,2012,0.044335
5417,mwi,2013,0.003481
5417,mwi,2014,0.023922
5417,mwi,2015,0.002744
5417,mwi,2016,0.00386
5417,mwi,1965,0
5417,mwi,1966,0
5417,mwi,1967,0.038376
5417,mwi,1968,0.051365
5417,mwi,1969,0.008885
5417,mwi,1970,0.257231
5417,mwi,1971,0.094182
5417,mwi,1972,0.162211
5417,mwi,1973,0.45843
5417,mwi,1974,0.585805
5417,mwi,1975,0.714683
5417,mwi,1976,1.237579
5417,mwi,1977,0.206462
5417,mwi,1978,0.184873
5417,mwi,1979,0.319312
5417,mwi,1980,0.17864
5417,mwi,1981,0
5417,mwi,1982,0
5417,mwi,1983,0.000292
5417,mwi,1984,0.137368
5417,mwi,1985,0.053365
5417,mwi,1986,0.206066
5417,mwi,1987,0.079431
5417,mys,1988,0.126707
5417,mys,1989,0.111997
5417,mys,1990,0.10177
5417,mys,1991,0.090432
5417,mys,1992,0.084763
5417,mys,1993,0.073912
5417,mys,1994,0.068398
5417,mys,1995,0.058562
5417,mys,1996,0.060011
5417,mys,1997,0.050092
5417,mys,1998,0.049094
5417,mys,1999,0.042046
5417,mys,2000,0.038053
5417,mys,2001,0.034645
5417,mys,2002,0.027304
5417,mys,2003,0.02369
5417,mys,2004,0.021822
5417,mys,2005,0.021121
5417,mys,2006,0.019788
5417,mys,2007,0.026485
5417,mys,2008,0.022948
5417,mys,2009,0.028977
5417,mys,2010,0.024844
5417,mys,2011,0.027989
5417,mys,2012,0.03348
5417,mys,2013,0.033785
5417,mys,2014,0.034932
5417,mys,2015,0.032201
5417,mys,2016,0.035282
5417,mys,1964,0.243854
5417,mys,1965,0.213693
5417,mys,1966,0.169738
5417,mys,1967,0.224822
5417,mys,1968,0.176715
5417,mys,1969,0.162722
5417,mys,1970,0.182916
5417,mys,1971,0.221836
5417,mys,1972,0.266484
5417,mys,1973,0.169345
5417,mys,1974,0.197124
5417,mys,1975,0.225702
5417,mys,1976,0.149815
5417,mys,1977,0.131855
5417,mys,1978,0.114694
5417,mys,1979,0.084503
5417,mys,1980,0.112307
5417,mys,1981,0.154377
5417,mys,1982,0.188837
5417,mys,1983,0.120588
5417,mys,1984,0.148161
5417,mys,1985,0.120636
5417,mys,1986,0.109586
5417,mys,1987,0.103849
5417,ncl,1988,0.001152
5417,ncl,1989,0
5417,ncl,1990,0
5417,ncl,1991,0
5417,ncl,1992,0.000385
5417,ncl,1993,0
5417,ncl,1994,0
5417,ncl,1995,0.038884
5417,ncl,1996,0.014907
5417,ncl,1997,0.001557
5417,ncl,1998,0.309999
5417,ncl,1999,0.003701
5417,ncl,2000,0.009963
5417,ncl,2001,0.030205
5417,ncl,2002,0.005045
5417,ncl,2003,0.002895
5417,ncl,2004,0.019252
5417,ncl,2005,0.00349
5417,ncl,2006,0.003631
5417,ncl,2007,0.000928
5417,ncl,2008,0.000713
5417,ncl,2009,0.00724
5417,ncl,2010,0.007279
5417,ncl,2011,0.006261
5417,ncl,2012,0.000044
5417,ncl,2013,0.00209
5417,ncl,2014,0.019517
5417,ncl,2015,0
5417,ncl,2016,0.000786
5417,ncl,1962,0
5417,ncl,1963,0
5417,ncl,1964,0
5417,ncl,1965,0
5417,ncl,1966,0
5417,ncl,1967,0
5417,ncl,1968,0
5417,ncl,1969,0
5417,ncl,1970,0
5417,ncl,1971,0
5417,ncl,1972,0
5417,ncl,1973,0
5417,ncl,1974,0
5417,ncl,1975,0.004091
5417,ncl,1976,0.004912
5417,ncl,1977,0.003112
5417,ncl,1978,0
5417,ncl,1979,0
5417,ncl,1980,0.05466
5417,ncl,1981,0.048637
5417,ncl,1982,0.044666
5417,ncl,1983,0.081197
5417,ncl,1984,0.069648
5417,ncl,1985,0
5417,ncl,1986,0
5417,ncl,1987,0
5417,ner,1988,0
5417,ner,1989,0
5417,ner,1990,0
5417,ner,1991,0
5417,ner,1992,0.031135
5417,ner,1993,0.606551
5417,ner,1994,0.033835
5417,ner,1995,0.004749
5417,ner,1996,0.054104
5417,ner,1997,0.216203
5417,ner,1998,0.166204
5417,ner,1999,0.04038
5417,ner,2000,0.184564
5417,ner,2001,1.208678
5417,ner,2002,0.59216
5417,ner,2003,0.222765
5417,ner,2004,0.011564
5417,ner,2005,0.103503
5417,ner,2006,0.160134
5417,ner,2007,0.037753
5417,ner,2008,0.120749
5417,ner,2009,0.007382
5417,ner,2010,0.361298
5417,ner,2011,0.016537
5417,ner,2012,0.020361
5417,ner,2013,0.003269
5417,ner,2014,0.023405
5417,ner,2015,0.039782
5417,ner,2016,0.002388
5417,ner,1962,0
5417,ner,1963,0
5417,ner,1964,0
5417,ner,1965,0
5417,ner,1966,0
5417,ner,1967,0
5417,ner,1968,0
5417,ner,1969,0
5417,ner,1970,0
5417,ner,1971,0.002734
5417,ner,1972,0.001742
5417,ner,1973,0
5417,ner,1974,0.080594
5417,ner,1975,0.017701
5417,ner,1976,0.031316
5417,ner,1977,0.034316
5417,ner,1978,0
5417,ner,1979,0
5417,ner,1980,0.000737
5417,ner,1981,0
5417,ner,1982,0
5417,ner,1983,0.001912
5417,ner,1984,0.01094
5417,ner,1985,0.010952
5417,ner,1986,0.00349
5417,ner,1987,0
5417,nfk,1988,0.155939
5417,nfk,1989,0
5417,nfk,1990,0
5417,nfk,1991,0
5417,nfk,1992,0
5417,nfk,1993,0
5417,nfk,1994,0
5417,nfk,1995,0
5417,nfk,1996,0
5417,nfk,1997,0
5417,nfk,1998,0
5417,nfk,1999,0
5417,nfk,2000,0.725697
5417,nfk,2001,0.998657
5417,nfk,2002,0
5417,nfk,2003,0.019568
5417,nfk,2004,0
5417,nfk,2005,0
5417,nfk,2006,0
5417,nfk,2007,0
5417,nfk,2008,0.023915
5417,nfk,2009,0
5417,nfk,2010,0
5417,nfk,2011,0
5417,nfk,2012,0
5417,nfk,2013,0
5417,nfk,2014,0
5417,nfk,2015,0
5417,nfk,2016,0
5417,nfk,1970,0
5417,nfk,1971,0
5417,nfk,1972,0
5417,nfk,1973,0
5417,nfk,1974,0
5417,nfk,1975,0
5417,nfk,1976,0
5417,nfk,1977,0
5417,nfk,1979,0
5417,nfk,1980,0
5417,nfk,1981,0
5417,nfk,1982,0
5417,nfk,1983,0
5417,nfk,1984,0
5417,nfk,1985,0
5417,nfk,1986,0
5417,nfk,1987,0
5417,nga,1988,0.000152
5417,nga,1989,0.001237
5417,nga,1990,0.001149
5417,nga,1991,0.000417
5417,nga,1992,0.001672
5417,nga,1993,0.002051
5417,nga,1994,0.001323
5417,nga,1995,0.003727
5417,nga,1996,0.002057
5417,nga,1997,0.001533
5417,nga,1998,0.005648
5417,nga,1999,0.003366
5417,nga,2000,0.002992
5417,nga,2001,0.001029
5417,nga,2002,0.004115
5417,nga,2003,0.003786
5417,nga,2004,0.002396
5417,nga,2005,0.000666
5417,nga,2006,0.000295
5417,nga,2007,0.001611
5417,nga,2008,0.001401
5417,nga,2009,0.002284
5417,nga,2010,0.002066
5417,nga,2011,0.001362
5417,nga,2012,0.000573
5417,nga,2013,0.004007
5417,nga,2014,0.004021
5417,nga,2015,0.001169
5417,nga,2016,0.001584
5417,nga,1962,0.004428
5417,nga,1963,0.014448
5417,nga,1964,0.004275
5417,nga,1965,0.005817
5417,nga,1966,0.008339
5417,nga,1967,0.014562
5417,nga,1968,0.010508
5417,nga,1969,0.013934
5417,nga,1970,0.015327
5417,nga,1971,0.01438
5417,nga,1972,0.010236
5417,nga,1973,0.014514
5417,nga,1974,0.004271
5417,nga,1975,0.001256
5417,nga,1976,0.003351
5417,nga,1977,0.00808
5417,nga,1978,0.004893
5417,nga,1979,0.003698
5417,nga,1980,0.001546
5417,nga,1981,0.001853
5417,nga,1982,0.00123
5417,nga,1983,0.01296
5417,nga,1984,0.001535
5417,nga,1985,0
5417,nga,1986,0.002603
5417,nga,1987,0.001707
5417,nic,1988,0.018937
5417,nic,1989,0.072943
5417,nic,1990,0.289533
5417,nic,1991,0.076097
5417,nic,1992,1.341661
5417,nic,1993,0.167886
5417,nic,1994,0.155849
5417,nic,1995,0.185764
5417,nic,1996,0.162071
5417,nic,1997,0.06795
5417,nic,1998,0.076475
5417,nic,1999,0.084095
5417,nic,2000,0.048349
5417,nic,2001,0.041862
5417,nic,2002,0.052178
5417,nic,2003,0.069299
5417,nic,2004,0.071093
5417,nic,2005,0.076287
5417,nic,2006,0.071852
5417,nic,2007,0.077538
5417,nic,2008,0.084204
5417,nic,2009,0.054165
5417,nic,2010,0.032962
5417,nic,2011,0.023084
5417,nic,2012,0.018138
5417,nic,2013,0.016174
5417,nic,2014,0.018374
5417,nic,2015,0.018243
5417,nic,2016,0.026089
5417,nic,1962,0
5417,nic,1963,0.020977
5417,nic,1964,0.031944
5417,nic,1965,0.112982
5417,nic,1966,0.357423
5417,nic,1967,0.341223
5417,nic,1968,0.31939
5417,nic,1969,0.546927
5417,nic,1970,0.731714
5417,nic,1971,0.791857
5417,nic,1972,0.767194
5417,nic,1973,1.81382
5417,nic,1974,1.480221
5417,nic,1975,0.457963
5417,nic,1976,0.342014
5417,nic,1977,0.486462
5417,nic,1978,0.003246
5417,nic,1979,0.001581
5417,nic,1980,0
5417,nic,1981,0.034575
5417,nic,1982,1.695846
5417,nic,1983,0
5417,nic,1984,0
5417,nic,1985,0
5417,nic,1986,0.086875
5417,nic,1987,0.058448
5417,niu,1988,0
5417,niu,1989,0
5417,niu,1990,0
5417,niu,1991,0
5417,niu,1992,0
5417,niu,1993,0
5417,niu,1994,0
5417,niu,1995,0
5417,niu,1996,0
5417,niu,1997,0
5417,niu,1998,0.346072
5417,niu,1999,0
5417,niu,2000,0
5417,niu,2001,0
5417,niu,2002,0.282068
5417,niu,2003,0
5417,niu,2004,0
5417,niu,2005,0.527972
5417,niu,2006,0
5417,niu,2007,0
5417,niu,2008,0.006371
5417,niu,2009,0.096964
5417,niu,2010,0.000153
5417,niu,2011,0
5417,niu,2012,0
5417,niu,2013,0.328825
5417,niu,2014,0
5417,niu,2015,0
5417,niu,2016,0.003755
5417,niu,1970,0
5417,niu,1971,0
5417,niu,1972,0
5417,niu,1973,0
5417,niu,1974,0
5417,niu,1975,0
5417,niu,1976,0
5417,niu,1977,0
5417,niu,1978,0
5417,niu,1979,0
5417,niu,1980,0
5417,niu,1981,0
5417,niu,1982,0
5417,niu,1983,0
5417,niu,1984,0
5417,niu,1985,0
5417,niu,1986,0
5417,niu,1987,0
5417,nld,1988,1.048304
5417,nld,1989,1.12609
5417,nld,1990,1.090444
5417,nld,1991,1.110333
5417,nld,1992,1.149228
5417,nld,1993,1.236242
5417,nld,1994,1.487777
5417,nld,1995,1.562218
5417,nld,1996,1.187868
5417,nld,1997,1.122172
5417,nld,1998,1.045671
5417,nld,1999,1.19198
5417,nld,2000,1.53685
5417,nld,2001,1.339563
5417,nld,2002,1.249603
5417,nld,2003,1.077191
5417,nld,2004,1.117139
5417,nld,2005,1.09559
5417,nld,2006,1.157205
5417,nld,2007,1.119303
5417,nld,2008,0.996148
5417,nld,2009,1.003115
5417,nld,2010,1.249085
5417,nld,2011,1.293418
5417,nld,2012,1.357668
5417,nld,2013,1.318985
5417,nld,2014,1.567979
5417,nld,2015,1.706802
5417,nld,2016,1.500826
5417,nld,1962,0.852257
5417,nld,1963,1.082397
5417,nld,1964,0.973812
5417,nld,1965,0.899253
5417,nld,1966,0.925558
5417,nld,1967,0.924365
5417,nld,1968,0.875613
5417,nld,1969,1.279006
5417,nld,1970,1.312197
5417,nld,1971,1.378135
5417,nld,1972,1.297561
5417,nld,1973,1.29976
5417,nld,1974,1.364959
5417,nld,1975,1.334877
5417,nld,1976,1.357894
5417,nld,1977,1.373305
5417,nld,1978,1.071138
5417,nld,1979,0.928632
5417,nld,1980,0.916282
5417,nld,1981,0.885118
5417,nld,1982,0.889841
5417,nld,1983,0.863825
5417,nld,1984,0.861981
5417,nld,1985,0.833574
5417,nld,1986,0.8289
5417,nld,1987,0.917112
5417,nor,1988,0.224159
5417,nor,1989,0.244416
5417,nor,1990,0.193527
5417,nor,1991,0.198335
5417,nor,1992,0.223604
5417,nor,1993,0.214934
5417,nor,1994,0.208993
5417,nor,1995,0.196028
5417,nor,1996,0.1849
5417,nor,1997,0.178362
5417,nor,1998,0.208435
5417,nor,1999,0.206994
5417,nor,2000,0.202057
5417,nor,2001,0.15165
5417,nor,2002,0.128394
5417,nor,2003,0.13666
5417,nor,2004,0.148792
5417,nor,2005,0.145894
5417,nor,2006,0.173884
5417,nor,2007,0.2017
5417,nor,2008,0.185875
5417,nor,2009,0.242094
5417,nor,2010,0.252952
5417,nor,2011,0.235433
5417,nor,2012,0.274169
5417,nor,2013,0.290454
5417,nor,2014,0.360436
5417,nor,2015,0.284544
5417,nor,2016,0.27985
5417,nor,1962,0.108998
5417,nor,1963,0.085979
5417,nor,1964,0.094531
5417,nor,1965,0.08607
5417,nor,1966,0.089005
5417,nor,1967,0.07902
5417,nor,1968,0.199626
5417,nor,1969,0.192316
5417,nor,1970,0.098422
5417,nor,1971,0.11055
5417,nor,1972,0.100375
5417,nor,1973,0.090018
5417,nor,1974,0.097342
5417,nor,1975,0.108576
5417,nor,1976,0.106297
5417,nor,1977,0.093182
5417,nor,1978,0.104235
5417,nor,1979,0.166854
5417,nor,1980,0.104762
5417,nor,1981,0.119958
5417,nor,1982,0.123644
5417,nor,1983,0.131102
5417,nor,1984,0.127963
5417,nor,1985,0.131481
5417,nor,1986,0.185165
5417,nor,1987,0.184315
5417,npl,1988,0.005117
5417,npl,1989,0
5417,npl,1990,0.011965
5417,npl,1991,0
5417,npl,1992,0.005191
5417,npl,1993,0.000267
5417,npl,1994,0.019085
5417,npl,1995,0.666406
5417,npl,1996,1.755473
5417,npl,1997,1.347715
5417,npl,1998,0.69931
5417,npl,1999,0.880522
5417,npl,2000,0.477772
5417,npl,2001,0.065595
5417,npl,2002,0.003258
5417,npl,2003,0.133873
5417,npl,2004,0.005612
5417,npl,2005,0.049955
5417,npl,2006,0.372995
5417,npl,2007,0.332937
5417,npl,2008,0.225352
5417,npl,2009,0.069417
5417,npl,2010,0.282493
5417,npl,2011,0.537034
5417,npl,2012,0.550295
5417,npl,2013,0.489971
5417,npl,2014,0.430066
5417,npl,2015,0.343602
5417,npl,2016,0.375655
5417,npl,1962,0
5417,npl,1963,0
5417,npl,1964,0
5417,npl,1965,0
5417,npl,1966,1.115355
5417,npl,1967,0.081191
5417,npl,1968,0.069296
5417,npl,1969,0.039197
5417,npl,1970,0.187519
5417,npl,1971,0.338807
5417,npl,1972,0
5417,npl,1973,0.040824
5417,npl,1974,0
5417,npl,1975,0.01327
5417,npl,1976,0
5417,npl,1977,0.0031
5417,npl,1978,0.006125
5417,npl,1979,0.016575
5417,npl,1980,0.024409
5417,npl,1981,0.025091
5417,npl,1982,0
5417,npl,1983,0.011277
5417,npl,1984,0.090441
5417,npl,1985,0.018113
5417,npl,1986,0.030773
5417,npl,1987,0.000777
5417,nru,1988,0.002972
5417,nru,1989,0
5417,nru,1990,0
5417,nru,1991,0
5417,nru,1992,0.140528
5417,nru,1993,0
5417,nru,1994,0.198254
5417,nru,1995,0.007647
5417,nru,1996,0
5417,nru,1997,0.681303
5417,nru,1998,0.048573
5417,nru,1999,0
5417,nru,2000,0
5417,nru,2001,0.007349
5417,nru,2002,0
5417,nru,2003,0.034835
5417,nru,2004,0.031257
5417,nru,2005,0
5417,nru,2006,0.001066
5417,nru,2007,0.118485
5417,nru,2008,0.013051
5417,nru,2009,0
5417,nru,2010,0.080353
5417,nru,2011,0.005625
5417,nru,2012,0
5417,nru,2013,0.063534
5417,nru,2014,0.047043
5417,nru,2015,0.01841
5417,nru,2016,0.078316
5417,nru,1970,0
5417,nru,1971,0
5417,nru,1972,0
5417,nru,1973,0
5417,nru,1974,0
5417,nru,1975,0
5417,nru,1976,0
5417,nru,1977,0
5417,nru,1978,0
5417,nru,1979,0
5417,nru,1980,0
5417,nru,1981,0
5417,nru,1982,0
5417,nru,1983,0
5417,nru,1984,0
5417,nru,1985,0.011418
5417,nru,1986,0.002779
5417,nru,1987,0.02014
5417,nzl,1988,0.204464
5417,nzl,1989,0.265709
5417,nzl,1990,0.264319
5417,nzl,1991,0.224685
5417,nzl,1992,0.217304
5417,nzl,1993,0.19001
5417,nzl,1994,0.197109
5417,nzl,1995,0.21769
5417,nzl,1996,0.224275
5417,nzl,1997,0.168278
5417,nzl,1998,0.177156
5417,nzl,1999,0.175719
5417,nzl,2000,0.224021
5417,nzl,2001,0.178829
5417,nzl,2002,0.138102
5417,nzl,2003,0.151512
5417,nzl,2004,0.166995
5417,nzl,2005,0.16741
5417,nzl,2006,0.166576
5417,nzl,2007,0.19467
5417,nzl,2008,0.232956
5417,nzl,2009,0.185566
5417,nzl,2010,0.191689
5417,nzl,2011,0.229952
5417,nzl,2012,0.233406
5417,nzl,2013,0.24313
5417,nzl,2014,0.187325
5417,nzl,2015,0.217891
5417,nzl,2016,0.223615
5417,nzl,1962,0.006529
5417,nzl,1963,0.010023
5417,nzl,1964,0.012585
5417,nzl,1965,0.009492
5417,nzl,1966,0.01337
5417,nzl,1967,0.035813
5417,nzl,1968,0.027441
5417,nzl,1969,0.031042
5417,nzl,1970,0.046751
5417,nzl,1971,0.046372
5417,nzl,1972,0.070438
5417,nzl,1973,0.05559
5417,nzl,1974,0.178568
5417,nzl,1975,0.137225
5417,nzl,1976,0.145865
5417,nzl,1977,0.143422
5417,nzl,1978,0.11335
5417,nzl,1979,0.16004
5417,nzl,1980,0.201943
5417,nzl,1981,0.201922
5417,nzl,1982,0.22232
5417,nzl,1983,0.27967
5417,nzl,1984,0.343834
5417,nzl,1985,0.325649
5417,nzl,1986,0.266444
5417,nzl,1987,0.248038
5417,omn,1988,0.001099
5417,omn,1989,0.002302
5417,omn,1990,0.001737
5417,omn,1991,0.000845
5417,omn,1992,0.00711
5417,omn,1993,0.014649
5417,omn,1994,0.012783
5417,omn,1995,0.013241
5417,omn,1996,0.007227
5417,omn,1997,0.021181
5417,omn,1998,0.025046
5417,omn,1999,0.012273
5417,omn,2000,0.007433
5417,omn,2001,0.00221
5417,omn,2002,0.002324
5417,omn,2003,0.005454
5417,omn,2004,0.005928
5417,omn,2005,0.00675
5417,omn,2006,0.008043
5417,omn,2007,0.012158
5417,omn,2008,0.012608
5417,omn,2009,0.028216
5417,omn,2010,0.024835
5417,omn,2011,0.030465
5417,omn,2012,0.048901
5417,omn,2013,0.040288
5417,omn,2014,0.041803
5417,omn,2015,0.058507
5417,omn,2016,0.072871
5417,omn,1962,0.074061
5417,omn,1963,0
5417,omn,1964,0.00316
5417,omn,1965,0.011696
5417,omn,1966,0.000685
5417,omn,1967,0
5417,omn,1968,0
5417,omn,1969,0.005501
5417,omn,1970,0
5417,omn,1971,0
5417,omn,1972,0
5417,omn,1973,0.000353
5417,omn,1974,0
5417,omn,1975,0.007326
5417,omn,1976,0
5417,omn,1977,0.000096
5417,omn,1978,0.006355
5417,omn,1979,0.001359
5417,omn,1980,0.018173
5417,omn,1981,0.000584
5417,omn,1982,0.001997
5417,omn,1983,0.001015
5417,omn,1984,0.000685
5417,omn,1985,0.000869
5417,omn,1986,0.003835
5417,omn,1987,0.012831
5417,pak,1988,0.101024
5417,pak,1989,0.400399
5417,pak,1990,0.208339
5417,pak,1991,0.207391
5417,pak,1992,0.251819
5417,pak,1993,0.214323
5417,pak,1994,0.109999
5417,pak,1995,0.303207
5417,pak,1996,0.298482
5417,pak,1997,0.266662
5417,pak,1998,0.303781
5417,pak,1999,0.330337
5417,pak,2000,0.272419
5417,pak,2001,0.212772
5417,pak,2002,0.152766
5417,pak,2003,0.139938
5417,pak,2004,0.140142
5417,pak,2005,0.161085
5417,pak,2006,0.156277
5417,pak,2007,0.175746
5417,pak,2008,0.189424
5417,pak,2009,0.238331
5417,pak,2010,0.201995
5417,pak,2011,0.216607
5417,pak,2012,0.286596
5417,pak,2013,0.319957
5417,pak,2014,0.331815
5417,pak,2015,0.360318
5417,pak,2016,0.361758
5417,pak,1962,0.024808
5417,pak,1963,0.048352
5417,pak,1964,0.233348
5417,pak,1965,0.248529
5417,pak,1966,0.229422
5417,pak,1967,0.254164
5417,pak,1968,0.203838
5417,pak,1969,0.251136
5417,pak,1970,0.314359
5417,pak,1971,0.244893
5417,pak,1972,0.226799
5417,pak,1973,0.18672
5417,pak,1974,0.173269
5417,pak,1975,0.171909
5417,pak,1976,0.199122
5417,pak,1977,0.220752
5417,pak,1978,0.291991
5417,pak,1979,0.157771
5417,pak,1980,0.120246
5417,pak,1981,0.045113
5417,pak,1982,0.058763
5417,pak,1983,0.061551
5417,pak,1984,0.143756
5417,pak,1985,0.143125
5417,pak,1986,0.054554
5417,pak,1987,0.061118
5417,pan,1988,2.250423
5417,pan,1989,1.987081
5417,pan,1990,1.452087
5417,pan,1991,1.840501
5417,pan,1992,1.968999
5417,pan,1993,2.702358
5417,pan,1994,3.057544
5417,pan,1995,2.640422
5417,pan,1996,3.642427
5417,pan,1997,3.919217
5417,pan,1998,5.2713
5417,pan,1999,5.220089
5417,pan,2000,5.978213
5417,pan,2001,3.641485
5417,pan,2002,3.752724
5417,pan,2003,2.344439
5417,pan,2004,2.645965
5417,pan,2005,1.873031
5417,pan,2006,3.424152
5417,pan,2007,3.745087
5417,pan,2008,3.63323
5417,pan,2009,3.500346
5417,pan,2010,3.600323
5417,pan,2011,4.350874
5417,pan,2012,2.657754
5417,pan,2013,2.674044
5417,pan,2014,3.274408
5417,pan,2015,3.425635
5417,pan,2016,6.708014
5417,pan,1962,7.819439
5417,pan,1963,8.1803
5417,pan,1964,4.495779
5417,pan,1965,6.800813
5417,pan,1966,7.142963
5417,pan,1967,7.960115
5417,pan,1968,6.589566
5417,pan,1969,5.785032
5417,pan,1970,4.877639
5417,pan,1971,2.522091
5417,pan,1972,4.284793
5417,pan,1973,4.316976
5417,pan,1974,6.543327
5417,pan,1975,5.823577
5417,pan,1976,5.335072
5417,pan,1977,4.733348
5417,pan,1978,1.689169
5417,pan,1979,1.701246
5417,pan,1980,1.304517
5417,pan,1981,1.183912
5417,pan,1982,0.680104
5417,pan,1983,0.41116
5417,pan,1984,0.375369
5417,pan,1985,0.474045
5417,pan,1986,2.459697
5417,pan,1987,1.483013
5417,pci,1988,0
5417,pci,1989,0
5417,pci,1990,0.050826
5417,pci,1991,0
5417,pci,1970,0
5417,pci,1971,0
5417,pci,1972,0
5417,pci,1973,0
5417,pci,1974,0
5417,pci,1975,0
5417,pci,1976,0
5417,pci,1977,0
5417,pci,1978,0
5417,pci,1979,0
5417,pci,1980,0
5417,pci,1981,0.104058
5417,pci,1982,0
5417,pci,1983,0
5417,pci,1984,0
5417,pci,1985,0
5417,pci,1986,0.48524
5417,pci,1987,0
5417,pcn,1988,0
5417,pcn,1989,0
5417,pcn,1990,0
5417,pcn,1991,0
5417,pcn,1992,0
5417,pcn,1993,0.0446
5417,pcn,1994,0
5417,pcn,1995,0
5417,pcn,1996,0
5417,pcn,1997,0
5417,pcn,1998,0
5417,pcn,1999,0.014322
5417,pcn,2000,0
5417,pcn,2001,0.120104
5417,pcn,2002,0
5417,pcn,2003,0
5417,pcn,2004,0.421321
5417,pcn,2005,0.095765
5417,pcn,2006,0
5417,pcn,2007,0.005599
5417,pcn,2008,0.016982
5417,pcn,2009,0
5417,pcn,2010,0
5417,pcn,2011,0
5417,pcn,2012,0.568336
5417,pcn,2013,0
5417,pcn,2014,0
5417,pcn,2015,1.951795
5417,pcn,2016,0
5417,pcn,1971,0
5417,pcn,1975,0
5417,pcn,1976,0
5417,pcn,1977,0
5417,pcn,1978,0
5417,pcn,1979,0
5417,pcn,1980,0
5417,pcn,1981,0
5417,pcn,1982,0
5417,pcn,1983,0
5417,pcn,1984,0
5417,pcn,1985,0
5417,pcn,1986,0
5417,pcn,1987,0
5417,per,1988,0.023797
5417,per,1989,0.047707
5417,per,1990,0.032615
5417,per,1991,0.068734
5417,per,1992,0.086255
5417,per,1993,0.07802
5417,per,1994,0.095082
5417,per,1995,0.081962
5417,per,1996,0.082751
5417,per,1997,0.134932
5417,per,1998,0.093121
5417,per,1999,0.063999
5417,per,2000,0.0503
5417,per,2001,0.046137
5417,per,2002,0.033574
5417,per,2003,0.03273
5417,per,2004,0.034863
5417,per,2005,0.036457
5417,per,2006,0.022194
5417,per,2007,0.020895
5417,per,2008,0.023162
5417,per,2009,0.027285
5417,per,2010,0.032303
5417,per,2011,0.028666
5417,per,2012,0.03567
5417,per,2013,0.043104
5417,per,2014,0.050526
5417,per,2015,0.051695
5417,per,2016,0.042782
5417,per,1962,0.027953
5417,per,1963,0.028478
5417,per,1964,0.024826
5417,per,1965,0.032699
5417,per,1966,0.037221
5417,per,1967,0.079787
5417,per,1968,0.128279
5417,per,1969,0.089079
5417,per,1970,0.091977
5417,per,1971,0.122609
5417,per,1972,0.128229
5417,per,1973,0.128676
5417,per,1974,0.131927
5417,per,1975,0.129575
5417,per,1976,0.20591
5417,per,1977,0.123533
5417,per,1978,0.16507
5417,per,1979,0.171737
5417,per,1980,0.266824
5417,per,1981,0.232816
5417,per,1982,0.175024
5417,per,1983,0.112926
5417,per,1984,0.136148
5417,per,1985,0.085559
5417,per,1986,0.048416
5417,per,1987,0.048737
5417,phl,1988,0.113287
5417,phl,1989,0.145023
5417,phl,1990,0.137759
5417,phl,1991,0.118738
5417,phl,1992,0.124399
5417,phl,1993,0.130555
5417,phl,1994,0.106289
5417,phl,1995,0.090639
5417,phl,1996,0.088554
5417,phl,1997,0.072575
5417,phl,1998,0.048288
5417,phl,1999,0.035115
5417,phl,2000,0.026731
5417,phl,2001,0.023774
5417,phl,2002,0.016714
5417,phl,2003,0.015028
5417,phl,2004,0.017062
5417,phl,2005,0.017318
5417,phl,2006,0.016553
5417,phl,2007,0.019151
5417,phl,2008,0.022766
5417,phl,2009,0.026124
5417,phl,2010,0.024188
5417,phl,2011,0.035896
5417,phl,2012,0.045366
5417,phl,2013,0.044036
5417,phl,2014,0.03288
5417,phl,2015,0.029467
5417,phl,2016,0.033186
5417,phl,1962,0.019923
5417,phl,1963,0.046632
5417,phl,1964,0.105692
5417,phl,1965,0.191562
5417,phl,1966,0.145487
5417,phl,1967,0.123113
5417,phl,1968,0.207511
5417,phl,1969,0.196865
5417,phl,1970,0.114287
5417,phl,1971,0.124189
5417,phl,1972,0.154766
5417,phl,1973,0.128563
5417,phl,1974,0.213247
5417,phl,1975,0.198035
5417,phl,1976,0.170958
5417,phl,1977,0.180772
5417,phl,1978,0.141095
5417,phl,1979,0.179295
5417,phl,1980,0.162631
5417,phl,1981,0.231801
5417,phl,1982,0.239662
5417,phl,1983,0.215666
5417,phl,1984,0.210649
5417,phl,1985,0.219983
5417,phl,1986,0.176479
5417,phl,1987,0.131044
5417,png,1988,0.023425
5417,png,1989,0.000062
5417,png,1990,0.003229
5417,png,1991,0.00997
5417,png,1992,0.003935
5417,png,1993,0.002189
5417,png,1994,0.001802
5417,png,1995,0.001713
5417,png,1996,0
5417,png,1997,0.001175
5417,png,1998,0.007787
5417,png,1999,0.001429
5417,png,2000,0.000279
5417,png,2001,0.000194
5417,png,2002,0.001563
5417,png,2003,0.00896
5417,png,2004,0.002107
5417,png,2005,0.00164
5417,png,2006,0.004153
5417,png,2007,0.008601
5417,png,2008,0.007149
5417,png,2009,0.003976
5417,png,2010,0.001061
5417,png,2011,0.002402
5417,png,2012,0.000801
5417,png,2013,0.00274
5417,png,2014,0.000833
5417,png,2015,0.000017
5417,png,2016,0.000322
5417,png,1962,0
5417,png,1963,0
5417,png,1964,0
5417,png,1965,0
5417,png,1966,0
5417,png,1967,0
5417,png,1968,0
5417,png,1969,0
5417,png,1970,0
5417,png,1971,0.001823
5417,png,1972,0.003981
5417,png,1973,0.000352
5417,png,1974,0
5417,png,1975,0
5417,png,1976,0.005061
5417,png,1977,0
5417,png,1978,0.000418
5417,png,1979,0.000188
5417,png,1980,0
5417,png,1981,0.000678
5417,png,1982,0.001283
5417,png,1983,0.000126
5417,png,1984,0.000402
5417,png,1985,0.000434
5417,png,1986,0.000868
5417,png,1987,0.000572
5417,pol,1988,3.089928
5417,pol,1989,2.461636
5417,pol,1990,1.000066
5417,pol,1991,2.078402
5417,pol,1992,0.743208
5417,pol,1993,1.315102
5417,pol,1994,0.896859
5417,pol,1995,0.76747
5417,pol,1996,0.77978
5417,pol,1997,0.848213
5417,pol,1998,0.408258
5417,pol,1999,0.281057
5417,pol,2000,0.273898
5417,pol,2001,0.217047
5417,pol,2002,0.15561
5417,pol,2003,0.133253
5417,pol,2004,0.165675
5417,pol,2005,0.233931
5417,pol,2006,0.238094
5417,pol,2007,0.286642
5417,pol,2008,0.392432
5417,pol,2009,0.422956
5417,pol,2010,0.573991
5417,pol,2011,0.582248
5417,pol,2012,0.61174
5417,pol,2013,0.69007
5417,pol,2014,0.742278
5417,pol,2015,0.625039
5417,pol,2016,0.576177
5417,pol,1962,0.47297
5417,pol,1963,0.337317
5417,pol,1964,0.099111
5417,pol,1965,0.071978
5417,pol,1966,0.144175
5417,pol,1967,0.230621
5417,pol,1968,0.116613
5417,pol,1969,0.142431
5417,pol,1970,0.20739
5417,pol,1971,0.252312
5417,pol,1972,0.180105
5417,pol,1973,0.188511
5417,pol,1974,0.156969
5417,pol,1975,0.20288
5417,pol,1976,0.244325
5417,pol,1977,0.268033
5417,pol,1978,1.069848
5417,pol,1979,0.864939
5417,pol,1980,3.214298
5417,pol,1981,3.302234
5417,pol,1982,3.386398
5417,pol,1983,3.418085
5417,pol,1984,3.174083
5417,pol,1985,3.090873
5417,pol,1986,2.898166
5417,pol,1987,2.952068
5417,prk,1988,0.064835
5417,prk,1989,0.046175
5417,prk,1990,0.035384
5417,prk,1991,0.086559
5417,prk,1992,0.070557
5417,prk,1993,0.073701
5417,prk,1994,0.01702
5417,prk,1995,0.027093
5417,prk,1996,0.035364
5417,prk,1997,0.080992
5417,prk,1998,0.096022
5417,prk,1999,0.447971
5417,prk,2000,0.234408
5417,prk,2001,0.125741
5417,prk,2002,0.105925
5417,prk,2003,0.083848
5417,prk,2004,0.115224
5417,prk,2005,0.070768
5417,prk,2006,0.100264
5417,prk,2007,0.051358
5417,prk,2008,0.285772
5417,prk,2009,0.029865
5417,prk,2010,0.031081
5417,prk,2011,0.026542
5417,prk,2012,0.03906
5417,prk,2013,0.026918
5417,prk,2014,0.027601
5417,prk,2015,0.035089
5417,prk,2016,0.021602
5417,prk,1962,0.158991
5417,prk,1963,0.02283
5417,prk,1964,0.058731
5417,prk,1965,0.069341
5417,prk,1966,0.020764
5417,prk,1967,0.04952
5417,prk,1968,0.05039
5417,prk,1969,0.186871
5417,prk,1970,0.099065
5417,prk,1971,0.255722
5417,prk,1972,0.727756
5417,prk,1973,0.863379
5417,prk,1974,0.15468
5417,prk,1975,0.112019
5417,prk,1976,0.094315
5417,prk,1977,1.373751
5417,prk,1978,0.048994
5417,prk,1979,0.062792
5417,prk,1980,1.225259
5417,prk,1981,1.099536
5417,prk,1982,0.15881
5417,prk,1983,0.786914
5417,prk,1984,0.382219
5417,prk,1985,1.150366
5417,prk,1986,0.871303
5417,prk,1987,0.150464
5417,prt,1988,0.303052
5417,prt,1989,0.349813
5417,prt,1990,0.273836
5417,prt,1991,0.259575
5417,prt,1992,0.292122
5417,prt,1993,0.295506
5417,prt,1994,0.301287
5417,prt,1995,0.372632
5417,prt,1996,0.453869
5417,prt,1997,0.412188
5417,prt,1998,0.383915
5417,prt,1999,0.469332
5417,prt,2000,0.588929
5417,prt,2001,0.564328
5417,prt,2002,0.431776
5417,prt,2003,0.367441
5417,prt,2004,0.366869
5417,prt,2005,0.392483
5417,prt,2006,0.401577
5417,prt,2007,0.475152
5417,prt,2008,0.512365
5417,prt,2009,0.534151
5417,prt,2010,0.561144
5417,prt,2011,0.65768
5417,prt,2012,0.760288
5417,prt,2013,0.730163
5417,prt,2014,0.802902
5417,prt,2015,0.725007
5417,prt,2016,0.985078
5417,prt,1962,2.008296
5417,prt,1963,1.738169
5417,prt,1964,1.45746
5417,prt,1965,1.31686
5417,prt,1966,1.301894
5417,prt,1967,1.262021
5417,prt,1968,1.244616
5417,prt,1969,1.244261
5417,prt,1970,1.254354
5417,prt,1971,1.34211
5417,prt,1972,1.396354
5417,prt,1973,1.288799
5417,prt,1974,1.401237
5417,prt,1975,0.805383
5417,prt,1976,0.701179
5417,prt,1977,1.085699
5417,prt,1978,0.723963
5417,prt,1979,0.4956
5417,prt,1980,0.910486
5417,prt,1981,0.999541
5417,prt,1982,0.659868
5417,prt,1983,0.495738
5417,prt,1984,0.377952
5417,prt,1985,0.393965
5417,prt,1986,0.235616
5417,prt,1987,0.270126
5417,pry,1988,0.014576
5417,pry,1989,0.007898
5417,pry,1990,0.010586
5417,pry,1991,0.038401
5417,pry,1992,0.115763
5417,pry,1993,0.158425
5417,pry,1994,0.234166
5417,pry,1995,0.383437
5417,pry,1996,0.382565
5417,pry,1997,0.253524
5417,pry,1998,0.336071
5417,pry,1999,0.303653
5417,pry,2000,0.370735
5417,pry,2001,0.178047
5417,pry,2002,0.207789
5417,pry,2003,0.266652
5417,pry,2004,0.240074
5417,pry,2005,0.224277
5417,pry,2006,0.346107
5417,pry,2007,0.239372
5417,pry,2008,0.171113
5417,pry,2009,0.202371
5417,pry,2010,0.214069
5417,pry,2011,0.25748
5417,pry,2012,0.364055
5417,pry,2013,0.342896
5417,pry,2014,0.316497
5417,pry,2015,0.327233
5417,pry,2016,0.259693
5417,pry,1962,0
5417,pry,1963,0
5417,pry,1964,0
5417,pry,1965,0
5417,pry,1966,0
5417,pry,1967,0
5417,pry,1968,0.011789
5417,pry,1969,0
5417,pry,1970,0
5417,pry,1971,0.001397
5417,pry,1972,0.011484
5417,pry,1973,0
5417,pry,1974,0
5417,pry,1975,0.00502
5417,pry,1976,0
5417,pry,1977,0.002647
5417,pry,1978,0.010191
5417,pry,1979,0.005016
5417,pry,1980,0.000593
5417,pry,1981,0.013011
5417,pry,1982,0
5417,pry,1983,0.008747
5417,pry,1984,0.015921
5417,pry,1985,0.009445
5417,pry,1986,0.004457
5417,pry,1987,0.014676
5417,pyf,1988,0
5417,pyf,1989,0.011073
5417,pyf,1990,0
5417,pyf,1991,0.018311
5417,pyf,1992,0
5417,pyf,1993,0.025248
5417,pyf,1994,0.053
5417,pyf,1995,3.133234
5417,pyf,1996,0.007245
5417,pyf,1997,0
5417,pyf,1998,0.001259
5417,pyf,1999,0.016358
5417,pyf,2000,0.003262
5417,pyf,2001,0.001417
5417,pyf,2002,0
5417,pyf,2003,0.003829
5417,pyf,2004,0.055928
5417,pyf,2005,0
5417,pyf,2006,0.003304
5417,pyf,2007,0.004669
5417,pyf,2008,0
5417,pyf,2009,0
5417,pyf,2010,0.00096
5417,pyf,2011,0.002251
5417,pyf,2012,0.184143
5417,pyf,2013,0.005904
5417,pyf,2014,0.015128
5417,pyf,2015,0.013458
5417,pyf,2016,0.013794
5417,pyf,1962,0
5417,pyf,1964,0
5417,pyf,1965,0
5417,pyf,1966,0
5417,pyf,1967,0
5417,pyf,1968,0
5417,pyf,1969,0
5417,pyf,1970,0
5417,pyf,1971,0
5417,pyf,1972,0.205691
5417,pyf,1973,0
5417,pyf,1974,0
5417,pyf,1975,0
5417,pyf,1976,0
5417,pyf,1977,0
5417,pyf,1978,0
5417,pyf,1979,0
5417,pyf,1980,0
5417,pyf,1981,0
5417,pyf,1982,0.384766
5417,pyf,1983,0
5417,pyf,1984,0.035059
5417,pyf,1985,0
5417,pyf,1986,0
5417,pyf,1987,0
5417,qat,1988,0.000388
5417,qat,1989,0.001597
5417,qat,1990,0.002073
5417,qat,1991,0.004757
5417,qat,1992,0.001418
5417,qat,1993,0.004152
5417,qat,1994,0.001385
5417,qat,1995,0.006108
5417,qat,1996,0.000561
5417,qat,1997,0.004176
5417,qat,1998,0.002823
5417,qat,1999,0.003094
5417,qat,2000,0.000661
5417,qat,2001,0.000332
5417,qat,2002,0.021842
5417,qat,2003,0.001298
5417,qat,2004,0.001126
5417,qat,2005,0.001142
5417,qat,2006,0.000376
5417,qat,2007,0.000597
5417,qat,2008,0.00032
5417,qat,2009,0.000767
5417,qat,2010,0.000459
5417,qat,2011,0.002512
5417,qat,2012,0.002935
5417,qat,2013,0.000031
5417,qat,2014,0.000372
5417,qat,2015,0.007716
5417,qat,2016,0.000623
5417,qat,1962,0.00409
5417,qat,1963,0
5417,qat,1964,0
5417,qat,1965,0
5417,qat,1966,0
5417,qat,1967,0
5417,qat,1968,0.001906
5417,qat,1969,0.000865
5417,qat,1970,0.001673
5417,qat,1971,0.010272
5417,qat,1972,0.012254
5417,qat,1973,0.01333
5417,qat,1974,0.004807
5417,qat,1975,0.005817
5417,qat,1976,0.014556
5417,qat,1977,0.001206
5417,qat,1978,0.000397
5417,qat,1979,0
5417,qat,1980,0.00064
5417,qat,1981,0
5417,qat,1982,0
5417,qat,1983,0.000561
5417,qat,1984,0.002425
5417,qat,1985,0.000356
5417,qat,1986,0.00216
5417,qat,1987,0.000513
5417,reu,1988,0.261419
5417,reu,1989,0.258267
5417,reu,1990,0.279845
5417,reu,1991,0.24138
5417,reu,1992,0.287213
5417,reu,1993,0.232147
5417,reu,1994,0.015651
5417,reu,1995,0.226962
5417,reu,1962,0
5417,reu,1963,0
5417,reu,1964,0.020503
5417,reu,1965,0
5417,reu,1966,0
5417,reu,1967,0
5417,reu,1968,0
5417,reu,1969,0
5417,reu,1970,0
5417,reu,1971,0.003722
5417,reu,1972,0.002058
5417,reu,1973,0.037407
5417,reu,1974,0.009119
5417,reu,1975,0.009634
5417,reu,1976,0.025306
5417,reu,1977,0.061481
5417,reu,1978,0.006361
5417,reu,1979,0.231597
5417,reu,1980,0.006635
5417,reu,1981,0.016742
5417,reu,1982,0.049749
5417,reu,1983,0.149732
5417,reu,1984,0.013414
5417,reu,1985,0.191767
5417,reu,1986,0.024659
5417,reu,1987,0.003045
5417,rou,1988,0.0506
5417,rou,1989,0.404541
5417,rou,1990,0.348631
5417,rou,1991,0.266499
5417,rou,1992,0.109908
5417,rou,1993,0.186322
5417,rou,1994,0.137473
5417,rou,1995,0.093354
5417,rou,1996,0.093694
5417,rou,1997,0.103687
5417,rou,1998,0.05899
5417,rou,1999,0.044561
5417,rou,2000,0.070569
5417,rou,2001,0.042888
5417,rou,2002,0.053391
5417,rou,2003,0.041853
5417,rou,2004,0.043166
5417,rou,2005,0.053649
5417,rou,2006,0.080054
5417,rou,2007,0.116728
5417,rou,2008,0.183085
5417,rou,2009,0.38872
5417,rou,2010,0.619855
5417,rou,2011,0.782333
5417,rou,2012,0.917549
5417,rou,2013,0.911873
5417,rou,2014,0.748054
5417,rou,2015,0.646587
5417,rou,2016,0.497003
5417,rou,1962,0.014571
5417,rou,1963,0.014103
5417,rou,1964,0.021027
5417,rou,1965,0.028028
5417,rou,1966,0.064582
5417,rou,1967,0.059289
5417,rou,1968,0.101683
5417,rou,1969,0.211017
5417,rou,1970,0.176441
5417,rou,1971,0.190738
5417,rou,1972,0.183677
5417,rou,1973,0.169838
5417,rou,1974,0.085073
5417,rou,1975,0.084433
5417,rou,1976,0.176238
5417,rou,1977,0.157614
5417,rou,1978,0.295038
5417,rou,1979,0.246384
5417,rou,1980,0.296508
5417,rou,1981,0.313541
5417,rou,1982,0.22598
5417,rou,1983,0.142042
5417,rou,1984,0.148055
5417,rou,1985,0.124438
5417,rou,1986,0.311018
5417,rou,1987,0.169598
5417,rwa,1988,0
5417,rwa,1989,0.007357
5417,rwa,1990,0.016768
5417,rwa,1991,0
5417,rwa,1992,0.004491
5417,rwa,1993,0.100353
5417,rwa,1994,0.054603
5417,rwa,1995,0.011639
5417,rwa,1996,0
5417,rwa,1997,0
5417,rwa,1998,0.03012
5417,rwa,1999,0.017137
5417,rwa,2000,0.01739
5417,rwa,2001,0.03227
5417,rwa,2002,0.011566
5417,rwa,2003,0.00226
5417,rwa,2004,0
5417,rwa,2005,0.02354
5417,rwa,2006,0.005603
5417,rwa,2007,0.010199
5417,rwa,2008,0.033979
5417,rwa,2009,0.002832
5417,rwa,2010,0.023078
5417,rwa,2011,0.006589
5417,rwa,2012,0.003645
5417,rwa,2013,0.010076
5417,rwa,2014,0.007783
5417,rwa,2015,0.006996
5417,rwa,2016,0.012425
5417,rwa,1963,0
5417,rwa,1964,0
5417,rwa,1965,0
5417,rwa,1966,0
5417,rwa,1967,0
5417,rwa,1968,0
5417,rwa,1969,0
5417,rwa,1970,0
5417,rwa,1971,0
5417,rwa,1972,0
5417,rwa,1973,0.543874
5417,rwa,1974,0
5417,rwa,1975,0
5417,rwa,1976,0
5417,rwa,1977,0
5417,rwa,1978,0
5417,rwa,1979,0
5417,rwa,1980,0
5417,rwa,1981,0
5417,rwa,1982,0
5417,rwa,1983,0
5417,rwa,1984,0
5417,rwa,1985,0
5417,rwa,1986,0
5417,rwa,1987,0.016784
5417,sau,1988,0.001733
5417,sau,1989,0.003021
5417,sau,1990,0.018326
5417,sau,1991,0.002123
5417,sau,1992,0.001555
5417,sau,1993,0.006112
5417,sau,1994,0.004567
5417,sau,1995,0.012779
5417,sau,1996,0.004815
5417,sau,1997,0.014447
5417,sau,1998,0.029404
5417,sau,1999,0.024155
5417,sau,2000,0.029641
5417,sau,2001,0.017527
5417,sau,2002,0.017704
5417,sau,2003,0.016122
5417,sau,2004,0.016413
5417,sau,2005,0.016112
5417,sau,2006,0.022417
5417,sau,2007,0.071967
5417,sau,2008,0.023604
5417,sau,2009,0.025962
5417,sau,2010,0.035089
5417,sau,2011,0.028046
5417,sau,2012,0.026462
5417,sau,2013,0.036645
5417,sau,2014,0.044816
5417,sau,2015,0.062369
5417,sau,2016,0.066512
5417,sau,1962,0
5417,sau,1963,0
5417,sau,1964,0
5417,sau,1965,0.000072
5417,sau,1966,0.000709
5417,sau,1967,0.000334
5417,sau,1968,0.000195
5417,sau,1969,0.00071
5417,sau,1970,0.000288
5417,sau,1971,0.000754
5417,sau,1972,0.001204
5417,sau,1973,0.000478
5417,sau,1974,0.000206
5417,sau,1975,0.000609
5417,sau,1976,0.000452
5417,sau,1977,0.001425
5417,sau,1978,0.004445
5417,sau,1979,0.002925
5417,sau,1980,0.002125
5417,sau,1981,0.000815
5417,sau,1982,0.001406
5417,sau,1983,0.002116
5417,sau,1984,0.004707
5417,sau,1985,0.003031
5417,sau,1986,0.001903
5417,sau,1987,0.004351
5417,sdn,1988,0
5417,sdn,1989,0.004419
5417,sdn,1990,0
5417,sdn,1991,0.003868
5417,sdn,1992,0.003642
5417,sdn,1993,0.031672
5417,sdn,1994,0.012394
5417,sdn,1995,0.000944
5417,sdn,1996,0.001014
5417,sdn,1997,0.01251
5417,sdn,1998,0.008391
5417,sdn,1999,0.031211
5417,sdn,2000,0.035396
5417,sdn,2001,0.027397
5417,sdn,2002,0.008672
5417,sdn,2003,0.012212
5417,sdn,2004,0.002789
5417,sdn,2005,0.000587
5417,sdn,2006,0.001329
5417,sdn,2007,0.002342
5417,sdn,2008,0.001687
5417,sdn,2009,0.000371
5417,sdn,2010,0.000312
5417,sdn,2011,0.000146
5417,sdn,2012,0.000202
5417,sdn,2013,0.000189
5417,sdn,2014,0.002961
5417,sdn,2015,0.001162
5417,sdn,2016,0.001212
5417,sdn,1962,0
5417,sdn,1963,0.012519
5417,sdn,1964,0.002531
5417,sdn,1965,0.010072
5417,sdn,1966,0.007312
5417,sdn,1967,0.005966
5417,sdn,1968,0.004155
5417,sdn,1969,0.010548
5417,sdn,1970,0.010803
5417,sdn,1971,0.008266
5417,sdn,1972,0.035803
5417,sdn,1973,0.003573
5417,sdn,1974,0
5417,sdn,1975,0.024436
5417,sdn,1976,0.018899
5417,sdn,1977,0.0442
5417,sdn,1978,0.001138
5417,sdn,1979,0.0247
5417,sdn,1980,0.035437
5417,sdn,1981,0.062263
5417,sdn,1982,0.00189
5417,sdn,1983,0.005024
5417,sdn,1984,0.005587
5417,sdn,1985,0
5417,sdn,1986,0.009144
5417,sdn,1987,0.000179
5417,sen,1988,0.083736
5417,sen,1989,1.223018
5417,sen,1990,0.642031
5417,sen,1991,0.194183
5417,sen,1992,0.101209
5417,sen,1993,0.097937
5417,sen,1994,0.207698
5417,sen,1995,0.556737
5417,sen,1996,0.843712
5417,sen,1997,0.542932
5417,sen,1998,0.520178
5417,sen,1999,0.41019
5417,sen,2000,0.355484
5417,sen,2001,0.318539
5417,sen,2002,0.707591
5417,sen,2003,0.271119
5417,sen,2004,0.29288
5417,sen,2005,0.391698
5417,sen,2006,0.665437
5417,sen,2007,0.565462
5417,sen,2008,0.394595
5417,sen,2009,0.292476
5417,sen,2010,0.223506
5417,sen,2011,0.215431
5417,sen,2012,0.303703
5417,sen,2013,0.221344
5417,sen,2014,0.190369
5417,sen,2015,0.160266
5417,sen,2016,0.143323
5417,sen,1962,0.181853
5417,sen,1963,0.053384
5417,sen,1964,0.021644
5417,sen,1965,0.01811
5417,sen,1966,0.025857
5417,sen,1967,0.114953
5417,sen,1968,0.061081
5417,sen,1969,0.061412
5417,sen,1970,0.047976
5417,sen,1971,0.058593
5417,sen,1972,0.047582
5417,sen,1973,0.072662
5417,sen,1974,0.235574
5417,sen,1975,0.177192
5417,sen,1976,0.166635
5417,sen,1977,0.361497
5417,sen,1978,0.371959
5417,sen,1979,0.617871
5417,sen,1980,0.494558
5417,sen,1981,0.501391
5417,sen,1982,0.410059
5417,sen,1983,0.274056
5417,sen,1984,0.132287
5417,sen,1985,0.766829
5417,sen,1986,1.646357
5417,sen,1987,1.482882
5417,sgp,1988,0.766475
5417,sgp,1989,0.42274
5417,sgp,1990,0.351533
5417,sgp,1991,0.283108
5417,sgp,1992,0.26528
5417,sgp,1993,0.268157
5417,sgp,1994,0.247223
5417,sgp,1995,0.229888
5417,sgp,1996,0.210157
5417,sgp,1997,0.1969
5417,sgp,1998,0.145127
5417,sgp,1999,0.138885
5417,sgp,2000,0.155538
5417,sgp,2001,0.201568
5417,sgp,2002,0.111997
5417,sgp,2003,0.088973
5417,sgp,2004,0.110213
5417,sgp,2005,0.463135
5417,sgp,2006,0.838164
5417,sgp,2007,0.810933
5417,sgp,2008,0.623667
5417,sgp,2009,0.839885
5417,sgp,2010,0.576479
5417,sgp,2011,0.658569
5417,sgp,2012,0.724352
5417,sgp,2013,0.684132
5417,sgp,2014,0.730283
5417,sgp,2015,0.737452
5417,sgp,2016,0.745324
5417,sgp,1962,0.189648
5417,sgp,1963,0.124114
5417,sgp,1964,0.982349
5417,sgp,1965,0.841725
5417,sgp,1966,1.016921
5417,sgp,1967,0.868866
5417,sgp,1968,0.748991
5417,sgp,1969,0.71326
5417,sgp,1970,0.750904
5417,sgp,1971,0.807824
5417,sgp,1972,0.614499
5417,sgp,1973,0.666884
5417,sgp,1974,0.777077
5417,sgp,1975,1.077853
5417,sgp,1976,1.068146
5417,sgp,1977,0.88876
5417,sgp,1978,0.671107
5417,sgp,1979,0.726645
5417,sgp,1980,0.675797
5417,sgp,1981,0.753396
5417,sgp,1982,0.756842
5417,sgp,1983,0.678564
5417,sgp,1984,0.6374
5417,sgp,1985,1.04779
5417,sgp,1986,1.091714
5417,sgp,1987,0.894813
5417,shn,1988,0
5417,shn,1989,0
5417,shn,1990,0
5417,shn,1991,0
5417,shn,1992,0
5417,shn,1993,0
5417,shn,1994,0
5417,shn,1995,0
5417,shn,1996,0.041454
5417,shn,1997,1.131904
5417,shn,1998,1.707634
5417,shn,1999,2.727959
5417,shn,2000,1.016919
5417,shn,2001,1.933751
5417,shn,2002,0.968619
5417,shn,2003,4.42056
5417,shn,2004,2.562778
5417,shn,2005,0.782097
5417,shn,2006,0.317937
5417,shn,2007,0.070208
5417,shn,2008,0.050014
5417,shn,2009,0.952903
5417,shn,2010,0.174994
5417,shn,2011,0
5417,shn,2012,0.026166
5417,shn,2013,0.579758
5417,shn,2014,0.006755
5417,shn,2015,0.006425
5417,shn,2016,0.17325
5417,shn,1970,0
5417,shn,1971,0
5417,shn,1972,0
5417,shn,1973,0
5417,shn,1974,0
5417,shn,1975,0
5417,shn,1976,0
5417,shn,1977,0
5417,shn,1978,0
5417,shn,1979,0
5417,shn,1980,0
5417,shn,1981,0
5417,shn,1982,2.851232
5417,shn,1983,0
5417,shn,1984,0
5417,shn,1985,0
5417,shn,1986,0
5417,shn,1987,0
5417,slb,1988,0.001232
5417,slb,1989,0
5417,slb,1990,0.060775
5417,slb,1991,0.004363
5417,slb,1992,0.001142
5417,slb,1993,0
5417,slb,1994,0.000383
5417,slb,1995,0.001761
5417,slb,1996,0.004774
5417,slb,1997,0.000771
5417,slb,1998,0
5417,slb,1999,0.010432
5417,slb,2000,0.068952
5417,slb,2001,0.038779
5417,slb,2002,0.069296
5417,slb,2003,0.022049
5417,slb,2004,0
5417,slb,2005,0.03412
5417,slb,2006,0.024959
5417,slb,2007,0
5417,slb,2008,0.000257
5417,slb,2009,0.015705
5417,slb,2010,0.000914
5417,slb,2011,0.001945
5417,slb,2012,0.004322
5417,slb,2013,0.000384
5417,slb,2014,0
5417,slb,2015,0
5417,slb,2016,0.000091
5417,slb,1970,0
5417,slb,1971,0
5417,slb,1972,0
5417,slb,1973,0
5417,slb,1974,0
5417,slb,1975,0
5417,slb,1976,0
5417,slb,1977,0.03357
5417,slb,1978,0
5417,slb,1979,0.01111
5417,slb,1980,0
5417,slb,1981,0
5417,slb,1982,0.003343
5417,slb,1983,0.002218
5417,slb,1984,0
5417,slb,1985,0
5417,slb,1986,0
5417,slb,1987,0
5417,sle,1988,0.0015
5417,sle,1989,0
5417,sle,1990,0.02223
5417,sle,1991,0
5417,sle,1992,3.377914
5417,sle,1993,0.201777
5417,sle,1994,0.143348
5417,sle,1995,0.218536
5417,sle,1996,0.057287
5417,sle,1997,0.899387
5417,sle,1998,0.309197
5417,sle,1999,0.307323
5417,sle,2000,0.025667
5417,sle,2001,0.165837
5417,sle,2002,0.263445
5417,sle,2003,0.054621
5417,sle,2004,0.173736
5417,sle,2005,0.106966
5417,sle,2006,0.334095
5417,sle,2007,0.096317
5417,sle,2008,0.097706
5417,sle,2009,0.052533
5417,sle,2010,0.022469
5417,sle,2011,0.031269
5417,sle,2012,0.015285
5417,sle,2013,0.011187
5417,sle,2014,0.012992
5417,sle,2015,0.037328
5417,sle,2016,0.016766
5417,sle,1962,0
5417,sle,1963,0.028353
5417,sle,1964,0
5417,sle,1965,0.008107
5417,sle,1966,0.002326
5417,sle,1967,0.009294
5417,sle,1968,0.006884
5417,sle,1969,0
5417,sle,1970,0
5417,sle,1971,0.001677
5417,sle,1972,0.118584
5417,sle,1973,0.015228
5417,sle,1974,0.006962
5417,sle,1975,0.053664
5417,sle,1976,0.025652
5417,sle,1977,0.028054
5417,sle,1978,0.022871
5417,sle,1979,0.001698
5417,sle,1980,0
5417,sle,1981,0.033726
5417,sle,1982,0
5417,sle,1983,0.039116
5417,sle,1984,0.007061
5417,sle,1985,0
5417,sle,1986,0
5417,sle,1987,0.007954
5417,slv,1988,3.376475
5417,slv,1989,4.957758
5417,slv,1990,3.826936
5417,slv,1991,3.350633
5417,slv,1992,3.772909
5417,slv,1993,3.188281
5417,slv,1994,2.394742
5417,slv,1995,2.132888
5417,slv,1996,2.272118
5417,slv,1997,1.731511
5417,slv,1998,1.680116
5417,slv,1999,1.455624
5417,slv,2000,0.917392
5417,slv,2001,0.8309
5417,slv,2002,0.700255
5417,slv,2003,0.75426
5417,slv,2004,0.870618
5417,slv,2005,0.942603
5417,slv,2006,1.085981
5417,slv,2007,1.093617
5417,slv,2008,1.120428
5417,slv,2009,0.945991
5417,slv,2010,1.024155
5417,slv,2011,0.979041
5417,slv,2012,1.094156
5417,slv,2013,1.058989
5417,slv,2014,1.014761
5417,slv,2015,0.983637
5417,slv,2016,1.154008
5417,slv,1962,0.00489
5417,slv,1963,1.580233
5417,slv,1964,0.783331
5417,slv,1965,0.888064
5417,slv,1966,1.418831
5417,slv,1967,1.248737
5417,slv,1968,1.748345
5417,slv,1969,1.737449
5417,slv,1970,1.315305
5417,slv,1971,1.190441
5417,slv,1972,1.038351
5417,slv,1973,1.30136
5417,slv,1974,1.924632
5417,slv,1975,2.109839
5417,slv,1976,1.775637
5417,slv,1977,1.621903
5417,slv,1978,0
5417,slv,1979,0.009
5417,slv,1980,0.004844
5417,slv,1981,0.018804
5417,slv,1982,0
5417,slv,1983,0
5417,slv,1984,0.000637
5417,slv,1985,0
5417,slv,1986,2.878347
5417,slv,1987,3.49817
5417,som,1988,0
5417,som,1989,0.009608
5417,som,1990,0
5417,som,1991,0
5417,som,1992,0.00722
5417,som,1993,0
5417,som,1994,0.09631
5417,som,1995,0.002955
5417,som,1996,0.06333
5417,som,1997,0.025825
5417,som,1998,0
5417,som,1999,0
5417,som,2000,0.005099
5417,som,2001,0.161558
5417,som,2002,0.040878
5417,som,2003,0.102001
5417,som,2004,0.034087
5417,som,2005,0.073854
5417,som,2006,0.001799
5417,som,2007,0.021808
5417,som,2008,0.004096
5417,som,2009,0.00093
5417,som,2010,0.006519
5417,som,2011,0
5417,som,2012,0.000012
5417,som,2013,0.000534
5417,som,2014,0.008603
5417,som,2015,0.000137
5417,som,2016,0.001765
5417,som,1962,0
5417,som,1963,0
5417,som,1964,0
5417,som,1965,0
5417,som,1966,0
5417,som,1967,0
5417,som,1968,0.008242
5417,som,1969,0
5417,som,1970,0.006295
5417,som,1971,0.011573
5417,som,1972,0
5417,som,1973,0
5417,som,1974,0
5417,som,1975,0
5417,som,1976,0.010203
5417,som,1977,0.448935
5417,som,1978,0
5417,som,1979,0
5417,som,1980,0
5417,som,1981,0
5417,som,1982,0
5417,som,1983,0
5417,som,1984,0.014461
5417,som,1985,0
5417,som,1986,0
5417,som,1987,0.011293
5417,spm,1988,0.062986
5417,spm,1989,0.187318
5417,spm,1990,0
5417,spm,1991,0.034442
5417,spm,1992,0
5417,spm,1993,0
5417,spm,1994,0
5417,spm,1995,0.025493
5417,spm,1996,0
5417,spm,1997,0.698035
5417,spm,1998,0.607303
5417,spm,1999,0
5417,spm,2000,0
5417,spm,2001,0
5417,spm,2002,0.655457
5417,spm,2003,0
5417,spm,2004,0
5417,spm,2005,0
5417,spm,2006,0
5417,spm,2007,0
5417,spm,2008,0
5417,spm,2009,0
5417,spm,2010,0
5417,spm,2011,0.452669
5417,spm,2012,0.245138
5417,spm,2013,0
5417,spm,2014,0
5417,spm,2015,0.141195
5417,spm,2016,0
5417,spm,1962,1.909236
5417,spm,1963,0
5417,spm,1964,0
5417,spm,1965,0.06125
5417,spm,1966,0.219402
5417,spm,1967,0
5417,spm,1968,0
5417,spm,1969,0
5417,spm,1970,0
5417,spm,1971,0.788894
5417,spm,1972,0.161612
5417,spm,1973,0
5417,spm,1974,0
5417,spm,1975,0
5417,spm,1976,0
5417,spm,1977,0.043123
5417,spm,1978,0
5417,spm,1979,0
5417,spm,1980,0
5417,spm,1981,0
5417,spm,1982,0.008681
5417,spm,1983,0
5417,spm,1984,0.059647
5417,spm,1985,0
5417,spm,1986,2.430712
5417,spm,1987,0.007599
5417,stp,1988,0
5417,stp,1989,0
5417,stp,1990,0
5417,stp,1991,0
5417,stp,1992,0
5417,stp,1993,1.284424
5417,stp,1994,0.150503
5417,stp,1995,0
5417,stp,1996,0.041472
5417,stp,1997,0.08808
5417,stp,1998,0
5417,stp,1999,0
5417,stp,2000,0
5417,stp,2001,0.148794
5417,stp,2002,0.127279
5417,stp,2003,0.036643
5417,stp,2004,0.003841
5417,stp,2005,0.014159
5417,stp,2006,0.23336
5417,stp,2007,0.092971
5417,stp,2008,0.024256
5417,stp,2009,0.018406
5417,stp,2010,0
5417,stp,2011,0.194214
5417,stp,2012,0.163197
5417,stp,2013,0.005239
5417,stp,2014,0
5417,stp,2015,0.194614
5417,stp,2016,0
5417,stp,1962,0
5417,stp,1969,0
5417,stp,1970,0
5417,stp,1971,0
5417,stp,1972,0
5417,stp,1973,0
5417,stp,1974,0
5417,stp,1975,0
5417,stp,1976,0
5417,stp,1977,0
5417,stp,1978,0
5417,stp,1979,0
5417,stp,1980,0
5417,stp,1981,0
5417,stp,1982,0
5417,stp,1983,0.077611
5417,stp,1984,0.057279
5417,stp,1985,0
5417,stp,1986,0
5417,stp,1987,0
5417,sun,1988,0.060012
5417,sun,1989,0.061248
5417,sun,1990,0.040778
5417,sun,1991,0.023911
5417,sun,1962,0.029826
5417,sun,1963,0.048141
5417,sun,1964,0.027332
5417,sun,1965,0.036143
5417,sun,1966,0.078047
5417,sun,1967,0.034788
5417,sun,1968,0.034563
5417,sun,1969,0.032033
5417,sun,1970,0.090008
5417,sun,1971,0.129132
5417,sun,1972,0.08609
5417,sun,1973,0.077607
5417,sun,1974,0.073028
5417,sun,1975,0.098239
5417,sun,1976,0.145211
5417,sun,1977,0.151579
5417,sun,1978,0.205603
5417,sun,1979,0.189157
5417,sun,1980,0.433692
5417,sun,1981,0.405447
5417,sun,1982,0.356118
5417,sun,1983,0.39207
5417,sun,1984,0.201453
5417,sun,1985,0.161724
5417,sun,1986,0.222323
5417,sun,1987,0.083104
5417,sur,1988,0.000694
5417,sur,1989,0
5417,sur,1990,0.001491
5417,sur,1991,0.025446
5417,sur,1992,0.062127
5417,sur,1993,0.468472
5417,sur,1994,0.093378
5417,sur,1995,0.080571
5417,sur,1996,0.026897
5417,sur,1997,0
5417,sur,1998,0.154504
5417,sur,1999,0.026838
5417,sur,2000,0.00704
5417,sur,2001,0.023539
5417,sur,2002,0.009133
5417,sur,2003,0.057725
5417,sur,2004,0.006647
5417,sur,2005,0.006062
5417,sur,2006,0.000131
5417,sur,2007,0.000388
5417,sur,2008,0.003344
5417,sur,2009,0.004039
5417,sur,2010,0.005192
5417,sur,2011,0.00773
5417,sur,2012,0.000731
5417,sur,2013,0.002055
5417,sur,2014,0.00047
5417,sur,2015,0.000261
5417,sur,2016,0.05076
5417,sur,1962,0
5417,sur,1963,0.048165
5417,sur,1964,0
5417,sur,1965,0
5417,sur,1966,0
5417,sur,1967,0
5417,sur,1968,0
5417,sur,1969,0
5417,sur,1970,0
5417,sur,1971,0.000388
5417,sur,1972,0.012604
5417,sur,1973,0.003957
5417,sur,1974,0.000733
5417,sur,1975,0.018137
5417,sur,1976,0.003599
5417,sur,1977,0.014446
5417,sur,1978,0.02361
5417,sur,1979,0.0185
5417,sur,1980,0.119577
5417,sur,1981,0.013972
5417,sur,1982,0.015156
5417,sur,1983,0.007421
5417,sur,1984,0.001039
5417,sur,1985,0.001185
5417,sur,1986,0.012611
5417,sur,1987,0.003709
5417,swe,1988,2.276867
5417,swe,1989,2.78651
5417,swe,1990,3.071266
5417,swe,1991,3.754009
5417,swe,1992,3.994146
5417,swe,1993,4.290341
5417,swe,1994,3.863939
5417,swe,1995,3.506992
5417,swe,1996,3.540579
5417,swe,1997,3.438425
5417,swe,1998,3.278344
5417,swe,1999,3.60601
5417,swe,2000,3.554433
5417,swe,2001,3.171401
5417,swe,2002,2.478679
5417,swe,2003,2.72242
5417,swe,2004,2.356375
5417,swe,2005,2.36827
5417,swe,2006,2.589284
5417,swe,2007,2.216914
5417,swe,2008,2.118493
5417,swe,2009,2.198494
5417,swe,2010,2.203434
5417,swe,2011,2.058246
5417,swe,2012,1.935338
5417,swe,2013,1.965205
5417,swe,2014,1.925446
5417,swe,2015,1.870864
5417,swe,2016,1.7576
5417,swe,1962,0.404361
5417,swe,1963,0.422145
5417,swe,1964,0.374239
5417,swe,1965,0.422704
5417,swe,1966,0.4729
5417,swe,1967,0.488914
5417,swe,1968,0.506598
5417,swe,1969,0.503016
5417,swe,1970,0.514803
5417,swe,1971,0.609581
5417,swe,1972,0.612877
5417,swe,1973,0.624217
5417,swe,1974,0.748581
5417,swe,1975,0.841053
5417,swe,1976,1.076306
5417,swe,1977,1.251433
5417,swe,1978,1.143287
5417,swe,1979,1.29674
5417,swe,1980,1.285859
5417,swe,1981,1.225
5417,swe,1982,1.367427
5417,swe,1983,1.303014
5417,swe,1984,1.298574
5417,swe,1985,1.235982
5417,swe,1986,1.354387
5417,swe,1987,1.434703
5417,syc,1988,0
5417,syc,1989,0
5417,syc,1990,0
5417,syc,1991,0.002964
5417,syc,1992,0.284681
5417,syc,1993,0.024083
5417,syc,1994,1.345398
5417,syc,1995,1.039717
5417,syc,1996,0
5417,syc,1997,0.131107
5417,syc,1998,0.000443
5417,syc,1999,0.122981
5417,syc,2000,0.990332
5417,syc,2001,0.542232
5417,syc,2002,0.220432
5417,syc,2003,0.21531
5417,syc,2004,0.972364
5417,syc,2005,0.989846
5417,syc,2006,0.111283
5417,syc,2007,0.103593
5417,syc,2008,0.127704
5417,syc,2009,0.086581
5417,syc,2010,0.07396
5417,syc,2011,0.116365
5417,syc,2012,0.016564
5417,syc,2013,0.033217
5417,syc,2014,0.000016
5417,syc,2015,0.084692
5417,syc,2016,0.03673
5417,syc,1967,0
5417,syc,1969,0
5417,syc,1970,0
5417,syc,1971,0
5417,syc,1972,0
5417,syc,1973,0
5417,syc,1974,0
5417,syc,1975,0.018435
5417,syc,1976,0
5417,syc,1977,0
5417,syc,1978,0
5417,syc,1979,0
5417,syc,1980,0.081828
5417,syc,1981,0
5417,syc,1982,0
5417,syc,1983,0.025485
5417,syc,1984,0
5417,syc,1985,0
5417,syc,1986,0
5417,syc,1987,0
5417,syr,1988,0.006901
5417,syr,1989,3.679308
5417,syr,1990,1.342034
5417,syr,1991,0
5417,syr,1992,0.040764
5417,syr,1993,0.003735
5417,syr,1994,0.003513
5417,syr,1995,0.030812
5417,syr,1996,0.04752
5417,syr,1997,0.175821
5417,syr,1998,0.091486
5417,syr,1999,0.087272
5417,syr,2000,0.062912
5417,syr,2001,0.033256
5417,syr,2002,0.0702
5417,syr,2003,0.044543
5417,syr,2004,0.164448
5417,syr,2005,0.176397
5417,syr,2006,0.294494
5417,syr,2007,0.451298
5417,syr,2008,0.605605
5417,syr,2009,0.866255
5417,syr,2010,0.328842
5417,syr,2011,0.25646
5417,syr,2012,0.987228
5417,syr,2013,0.847553
5417,syr,2014,0.607957
5417,syr,2015,0.64289
5417,syr,2016,0.041466
5417,syr,1962,0.005035
5417,syr,1963,0.017989
5417,syr,1964,0.018341
5417,syr,1965,0.003807
5417,syr,1966,0.008455
5417,syr,1967,0.005346
5417,syr,1968,0.014148
5417,syr,1969,0.025129
5417,syr,1970,0.009619
5417,syr,1971,0.013481
5417,syr,1972,0.028037
5417,syr,1973,0.013011
5417,syr,1974,0.010584
5417,syr,1975,0.269434
5417,syr,1976,0.875257
5417,syr,1977,0.699478
5417,syr,1978,0.048212
5417,syr,1979,0.031366
5417,syr,1980,0.009679
5417,syr,1981,0.006161
5417,syr,1982,0.000647
5417,syr,1983,0.008231
5417,syr,1984,0.002005
5417,syr,1985,0.006572
5417,syr,1986,0.084988
5417,syr,1987,0.009284
5417,tca,1988,0
5417,tca,1989,0.278417
5417,tca,1990,0.035049
5417,tca,1991,0
5417,tca,1992,0.192977
5417,tca,1993,0
5417,tca,1994,0
5417,tca,1995,0
5417,tca,1996,0.073386
5417,tca,1997,0
5417,tca,1998,0.050381
5417,tca,1999,0.00472
5417,tca,2000,0.015294
5417,tca,2001,0.012628
5417,tca,2002,0.055958
5417,tca,2003,0
5417,tca,2004,0
5417,tca,2005,0.048794
5417,tca,2006,0.167085
5417,tca,2007,0.036018
5417,tca,2008,0.046117
5417,tca,2009,0
5417,tca,2010,0.373395
5417,tca,2011,0.291596
5417,tca,2012,0.114592
5417,tca,2013,0.106653
5417,tca,2014,0.012094
5417,tca,2015,0.392134
5417,tca,2016,0.756957
5417,tca,1970,0
5417,tca,1971,0
5417,tca,1972,0
5417,tca,1973,0
5417,tca,1974,8.353441
5417,tca,1975,0
5417,tca,1976,0
5417,tca,1977,0
5417,tca,1978,0
5417,tca,1979,0
5417,tca,1980,0
5417,tca,1981,0
5417,tca,1982,0
5417,tca,1983,0
5417,tca,1984,0
5417,tca,1985,0
5417,tca,1986,0
5417,tca,1987,0
5417,tcd,1988,0
5417,tcd,1989,0.013023
5417,tcd,1990,0
5417,tcd,1991,0.023008
5417,tcd,1992,0.090477
5417,tcd,1993,0.004556
5417,tcd,1994,0
5417,tcd,1995,0
5417,tcd,1996,0
5417,tcd,1997,0.056355
5417,tcd,1998,0.003542
5417,tcd,1999,0.012681
5417,tcd,2000,0.01031
5417,tcd,2001,0
5417,tcd,2002,0
5417,tcd,2003,0
5417,tcd,2004,0.000163
5417,tcd,2005,0.000062
5417,tcd,2006,0
5417,tcd,2007,0
5417,tcd,2008,0.000098
5417,tcd,2009,0.00002
5417,tcd,2010,0
5417,tcd,2011,0.001961
5417,tcd,2012,0.001535
5417,tcd,2013,0.000005
5417,tcd,2014,0.000164
5417,tcd,2015,0.003091
5417,tcd,2016,0
5417,tcd,1962,0
5417,tcd,1963,0
5417,tcd,1964,0
5417,tcd,1965,0
5417,tcd,1966,0
5417,tcd,1967,0
5417,tcd,1968,0
5417,tcd,1969,0
5417,tcd,1970,0.002461
5417,tcd,1971,0
5417,tcd,1972,0
5417,tcd,1973,0
5417,tcd,1974,0.070213
5417,tcd,1975,0
5417,tcd,1976,0
5417,tcd,1977,0
5417,tcd,1978,0
5417,tcd,1979,0.002515
5417,tcd,1980,0
5417,tcd,1981,0.112696
5417,tcd,1982,0
5417,tcd,1983,0
5417,tcd,1984,0
5417,tcd,1985,0
5417,tcd,1986,0
5417,tcd,1987,0
5417,tgo,1988,0.000427
5417,tgo,1989,0.000441
5417,tgo,1990,0.000676
5417,tgo,1991,0.004301
5417,tgo,1992,0.000551
5417,tgo,1993,0.003793
5417,tgo,1994,0
5417,tgo,1995,0.026472
5417,tgo,1996,0.02651
5417,tgo,1997,0.160288
5417,tgo,1998,0.061332
5417,tgo,1999,0.020964
5417,tgo,2000,0.034229
5417,tgo,2001,0.019018
5417,tgo,2002,0.039783
5417,tgo,2003,0.028865
5417,tgo,2004,0.03504
5417,tgo,2005,0.02787
5417,tgo,2006,0.023756
5417,tgo,2007,0.023546
5417,tgo,2008,0.013598
5417,tgo,2009,0.118828
5417,tgo,2010,0.063702
5417,tgo,2011,0.132815
5417,tgo,2012,0.073113
5417,tgo,2013,0.130107
5417,tgo,2014,0.067372
5417,tgo,2015,0.100186
5417,tgo,2016,0.084555
5417,tgo,1962,0.019361
5417,tgo,1963,0.015427
5417,tgo,1964,0
5417,tgo,1965,0
5417,tgo,1966,0
5417,tgo,1967,0.019139
5417,tgo,1968,0
5417,tgo,1969,0.007466
5417,tgo,1970,0
5417,tgo,1971,0.006734
5417,tgo,1972,0.00311
5417,tgo,1973,0
5417,tgo,1974,0.010608
5417,tgo,1975,0.001992
5417,tgo,1976,0.001052
5417,tgo,1977,0.002076
5417,tgo,1978,0.004442
5417,tgo,1979,0.005793
5417,tgo,1980,0.015841
5417,tgo,1981,0.000797
5417,tgo,1982,0
5417,tgo,1983,0.263439
5417,tgo,1984,0
5417,tgo,1985,0
5417,tgo,1986,0.00106
5417,tgo,1987,0.003808
5417,tha,1988,0.082923
5417,tha,1989,0.106335
5417,tha,1990,0.102092
5417,tha,1991,0.092438
5417,tha,1992,0.103718
5417,tha,1993,0.114466
5417,tha,1994,0.106192
5417,tha,1995,0.095651
5417,tha,1996,0.102092
5417,tha,1997,0.096098
5417,tha,1998,0.076679
5417,tha,1999,0.074408
5417,tha,2000,0.076815
5417,tha,2001,0.0631
5417,tha,2002,0.043375
5417,tha,2003,0.04144
5417,tha,2004,0.041291
5417,tha,2005,0.045395
5417,tha,2006,0.039162
5417,tha,2007,0.043006
5417,tha,2008,0.043999
5417,tha,2009,0.038551
5417,tha,2010,0.044945
5417,tha,2011,0.044344
5417,tha,2012,0.054591
5417,tha,2013,0.062662
5417,tha,2014,0.06236
5417,tha,2015,0.066033
5417,tha,2016,0.069364
5417,tha,1962,0.032163
5417,tha,1963,0.030864
5417,tha,1964,0.0295
5417,tha,1965,0.025112
5417,tha,1966,0.032339
5417,tha,1967,0.03974
5417,tha,1968,0.058456
5417,tha,1969,0.088238
5417,tha,1970,0.12002
5417,tha,1971,0.074743
5417,tha,1972,0.087469
5417,tha,1973,0.260527
5417,tha,1974,0.120902
5417,tha,1975,0.111419
5417,tha,1976,0.085165
5417,tha,1977,0.083092
5417,tha,1978,0.094469
5417,tha,1979,0.14921
5417,tha,1980,0.178811
5417,tha,1981,0.185418
5417,tha,1982,0.19931
5417,tha,1983,0.257714
5417,tha,1984,0.188626
5417,tha,1985,0.175543
5417,tha,1986,0.132586
5417,tha,1987,0.116208
5417,tkl,1988,0
5417,tkl,1989,0.071032
5417,tkl,1990,0
5417,tkl,1991,0
5417,tkl,1992,0
5417,tkl,1993,0
5417,tkl,1994,0
5417,tkl,1995,0
5417,tkl,1996,0
5417,tkl,1997,0
5417,tkl,1998,0
5417,tkl,1999,0
5417,tkl,2000,0.946367
5417,tkl,2001,0.378787
5417,tkl,2002,0.112219
5417,tkl,2003,0.239921
5417,tkl,2004,0.097606
5417,tkl,2005,0.28149
5417,tkl,2006,2.517759
5417,tkl,2007,0.644717
5417,tkl,2008,0.084584
5417,tkl,2009,0.26167
5417,tkl,2010,1.133125
5417,tkl,2011,1.413114
5417,tkl,2012,0.786777
5417,tkl,2013,0.65638
5417,tkl,2014,0.263917
5417,tkl,2015,0.468552
5417,tkl,2016,0.446945
5417,tkl,1970,0
5417,tkl,1971,0
5417,tkl,1977,0
5417,tkl,1978,0
5417,tkl,1979,0
5417,tkl,1980,0
5417,tkl,1981,0
5417,tkl,1982,0
5417,tkl,1983,0
5417,tkl,1984,0
5417,tkl,1985,0
5417,tkl,1986,0
5417,tkl,1987,0
5417,tls,1988,0
5417,tls,1989,0
5417,tls,1990,0
5417,tls,1991,0
5417,tls,1992,0
5417,tls,1993,3.725099
5417,tls,1994,0
5417,tls,1995,0
5417,tls,1996,0
5417,tls,1997,0
5417,tls,1998,0
5417,tls,1999,0
5417,tls,2000,0
5417,tls,2001,0
5417,tls,2002,0
5417,tls,2003,0.171996
5417,tls,2004,0
5417,tls,2005,0.028216
5417,tls,2006,0.041797
5417,tls,2007,0.022689
5417,tls,2008,0.019952
5417,tls,2009,0
5417,tls,2010,0
5417,tls,2011,0
5417,tls,2012,0.000786
5417,tls,2013,0
5417,tls,2014,0.000636
5417,tls,2015,0.000931
5417,tls,2016,0
5417,tls,1962,0.009933
5417,tls,1963,0.039666
5417,tls,1964,1.235355
5417,tls,1965,2.830118
5417,tls,1966,2.898758
5417,tls,1967,1.829587
5417,tls,1968,1.523181
5417,tls,1969,0.942311
5417,tls,1970,0
5417,tls,1971,0
5417,tls,1972,0
5417,tls,1973,0
5417,tls,1974,0.027064
5417,tls,1975,0.029568
5417,tls,1976,0
5417,tls,1977,16.658615
5417,tls,1978,0
5417,tls,1979,0
5417,tls,1980,0
5417,tls,1981,0
5417,tls,1982,0
5417,tls,1983,0
5417,tls,1984,0
5417,tls,1985,0
5417,tls,1986,0
5417,tls,1987,0
5417,ton,1988,0
5417,ton,1989,0
5417,ton,1990,0
5417,ton,1991,0
5417,ton,1992,0
5417,ton,1993,0
5417,ton,1994,0
5417,ton,1995,0
5417,ton,1996,0
5417,ton,1997,0.006591
5417,ton,1998,0
5417,ton,1999,0.003105
5417,ton,2000,0.004394
5417,ton,2001,0.007323
5417,ton,2002,0
5417,ton,2003,0.054029
5417,ton,2004,0.010107
5417,ton,2005,0
5417,ton,2006,0.001681
5417,ton,2007,0.005914
5417,ton,2008,0
5417,ton,2009,0.266559
5417,ton,2010,0
5417,ton,2011,0
5417,ton,2012,0
5417,ton,2013,0
5417,ton,2014,0
5417,ton,2015,0.005765
5417,ton,2016,0
5417,ton,1970,0
5417,ton,1971,0
5417,ton,1972,0
5417,ton,1973,0
5417,ton,1974,0
5417,ton,1975,0
5417,ton,1976,0
5417,ton,1977,0
5417,ton,1978,0
5417,ton,1979,0
5417,ton,1980,0.096069
5417,ton,1981,0
5417,ton,1982,0
5417,ton,1983,0
5417,ton,1984,0
5417,ton,1985,0
5417,ton,1986,0
5417,ton,1987,0
5417,tto,1988,0.09801
5417,tto,1989,0.199014
5417,tto,1990,0.150608
5417,tto,1991,0.172201
5417,tto,1992,0.087072
5417,tto,1993,0.115393
5417,tto,1994,0.101482
5417,tto,1995,0.112817
5417,tto,1996,0.0925
5417,tto,1997,0.08462
5417,tto,1998,0.026065
5417,tto,1999,0.018661
5417,tto,2000,0.018051
5417,tto,2001,0.071677
5417,tto,2002,0.012268
5417,tto,2003,0.040601
5417,tto,2004,0.020983
5417,tto,2005,0.015063
5417,tto,2006,0.005216
5417,tto,2007,0.002733
5417,tto,2008,0.001217
5417,tto,2009,0.001493
5417,tto,2010,0.001187
5417,tto,2011,0.002523
5417,tto,2012,0.001888
5417,tto,2013,0.001416
5417,tto,2014,0.002415
5417,tto,2015,0.004203
5417,tto,2016,0.003454
5417,tto,1962,0.097724
5417,tto,1963,0.070784
5417,tto,1964,0.030373
5417,tto,1965,0.031771
5417,tto,1966,0.027171
5417,tto,1967,0.052906
5417,tto,1968,0.044359
5417,tto,1969,0.0584
5417,tto,1970,0.089969
5417,tto,1971,0.085263
5417,tto,1972,0.074246
5417,tto,1973,0.066341
5417,tto,1974,0.031358
5417,tto,1975,0.033129
5417,tto,1976,0.030899
5417,tto,1977,0.05065
5417,tto,1978,0.000372
5417,tto,1979,0.052559
5417,tto,1980,0.028343
5417,tto,1981,0.022238
5417,tto,1982,0.018573
5417,tto,1983,0.042467
5417,tto,1984,0.029011
5417,tto,1985,0.019888
5417,tto,1986,0.01813
5417,tto,1987,0.057085
5417,tun,1988,0.058234
5417,tun,1989,0.013821
5417,tun,1990,0.043966
5417,tun,1991,0.108308
5417,tun,1992,0.256487
5417,tun,1993,0.095962
5417,tun,1994,0.435298
5417,tun,1995,0.217872
5417,tun,1996,0.179969
5417,tun,1997,0.199632
5417,tun,1998,0.479359
5417,tun,1999,0.071317
5417,tun,2000,0.049142
5417,tun,2001,0.053845
5417,tun,2002,0.041319
5417,tun,2003,0.029322
5417,tun,2004,0.052534
5417,tun,2005,0.039178
5417,tun,2006,0.041809
5417,tun,2007,0.049231
5417,tun,2008,0.049368
5417,tun,2009,0.060152
5417,tun,2010,0.052456
5417,tun,2011,0.067335
5417,tun,2012,0.108001
5417,tun,2013,0.121989
5417,tun,2014,0.108146
5417,tun,2015,0.10039
5417,tun,2016,0.108205
5417,tun,1962,0.04689
5417,tun,1963,0.03904
5417,tun,1964,0.013529
5417,tun,1965,0.000885
5417,tun,1966,0.005041
5417,tun,1967,0.014068
5417,tun,1968,0
5417,tun,1969,0.00301
5417,tun,1970,0.009077
5417,tun,1971,0.036938
5417,tun,1972,0.014578
5417,tun,1973,0.094306
5417,tun,1974,0.033919
5417,tun,1975,0.019213
5417,tun,1976,0.001928
5417,tun,1977,0.002348
5417,tun,1978,0.095581
5417,tun,1979,0.11111
5417,tun,1980,0.1201
5417,tun,1981,0.089566
5417,tun,1982,0.161752
5417,tun,1983,0.240256
5417,tun,1984,0.052958
5417,tun,1985,0.173519
5417,tun,1986,0.247022
5417,tun,1987,0.077124
5417,tur,1988,0.32357
5417,tur,1989,1.31261
5417,tur,1990,0.587588
5417,tur,1991,0.421396
5417,tur,1992,0.292579
5417,tur,1993,0.493072
5417,tur,1994,0.37511
5417,tur,1995,0.201229
5417,tur,1996,0.250468
5417,tur,1997,0.248012
5417,tur,1998,0.209548
5417,tur,1999,0.181533
5417,tur,2000,0.248847
5417,tur,2001,0.19457
5417,tur,2002,0.13894
5417,tur,2003,0.139791
5417,tur,2004,0.146189
5417,tur,2005,0.158829
5417,tur,2006,0.146495
5417,tur,2007,0.135493
5417,tur,2008,0.154146
5417,tur,2009,0.161615
5417,tur,2010,0.207214
5417,tur,2011,0.208961
5417,tur,2012,0.207715
5417,tur,2013,0.254927
5417,tur,2014,0.220414
5417,tur,2015,0.205604
5417,tur,2016,0.209917
5417,tur,1962,0.001033
5417,tur,1963,0.032322
5417,tur,1964,0.089246
5417,tur,1965,0.103198
5417,tur,1966,0.106726
5417,tur,1967,0.014527
5417,tur,1968,0.016898
5417,tur,1969,0.083914
5417,tur,1970,0.263477
5417,tur,1971,0.225896
5417,tur,1972,0.138011
5417,tur,1973,0.091257
5417,tur,1974,0.137003
5417,tur,1975,0.170963
5417,tur,1976,0.117034
5417,tur,1977,0.064665
5417,tur,1978,0.18332
5417,tur,1979,0.075877
5417,tur,1980,0.058698
5417,tur,1981,0.039823
5417,tur,1982,0.52532
5417,tur,1983,0.090881
5417,tur,1984,0.02316
5417,tur,1985,0.058218
5417,tur,1986,0.100564
5417,tur,1987,0.074363
5417,tuv,1988,0
5417,tuv,1989,0
5417,tuv,1990,0
5417,tuv,1991,0
5417,tuv,1992,0
5417,tuv,1993,45.514446
5417,tuv,1994,34.77265
5417,tuv,1995,40.064365
5417,tuv,1996,5.737272
5417,tuv,1997,3.155439
5417,tuv,1998,0
5417,tuv,1999,0.99471
5417,tuv,2000,0
5417,tuv,2001,0.221806
5417,tuv,2002,0.146817
5417,tuv,2003,0
5417,tuv,2004,0
5417,tuv,2005,0
5417,tuv,2006,0.759967
5417,tuv,2007,0
5417,tuv,2008,0
5417,tuv,2009,0
5417,tuv,2010,0.083645
5417,tuv,2011,0
5417,tuv,2012,0.138342
5417,tuv,2013,0
5417,tuv,2014,0
5417,tuv,2015,0
5417,tuv,2016,0
5417,tuv,1978,0
5417,tuv,1979,0
5417,tuv,1980,0
5417,tuv,1981,0
5417,tuv,1982,0
5417,tuv,1983,0.641855
5417,tuv,1984,0
5417,tuv,1985,0
5417,tuv,1986,0
5417,tuv,1987,0
5417,tza,1988,0
5417,tza,1989,0.001011
5417,tza,1990,0
5417,tza,1991,0.000865
5417,tza,1992,0
5417,tza,1993,0.01397
5417,tza,1994,0.004929
5417,tza,1995,0.00834
5417,tza,1996,0.020768
5417,tza,1997,0.029557
5417,tza,1998,0.033867
5417,tza,1999,0.068742
5417,tza,2000,0.049622
5417,tza,2001,0.100441
5417,tza,2002,0.018866
5417,tza,2003,0.050029
5417,tza,2004,0.044262
5417,tza,2005,0.040929
5417,tza,2006,0.024335
5417,tza,2007,0.028492
5417,tza,2008,0.050595
5417,tza,2009,0.122259
5417,tza,2010,0.033837
5417,tza,2011,0.035356
5417,tza,2012,0.020969
5417,tza,2013,0.017686
5417,tza,2014,0.007094
5417,tza,2015,0.003251
5417,tza,2016,0.007983
5417,tza,1965,0
5417,tza,1966,0
5417,tza,1967,0.00515
5417,tza,1968,0
5417,tza,1969,0
5417,tza,1970,0.008494
5417,tza,1971,0.001574
5417,tza,1972,0.001273
5417,tza,1973,0
5417,tza,1974,0
5417,tza,1975,0.002457
5417,tza,1976,0.017615
5417,tza,1977,0.002317
5417,tza,1978,0.037176
5417,tza,1979,0.148124
5417,tza,1980,0.034783
5417,tza,1981,0.005302
5417,tza,1982,0.022714
5417,tza,1983,0.024863
5417,tza,1984,0
5417,tza,1985,0
5417,tza,1986,0
5417,tza,1987,0
5417,uga,1988,0
5417,uga,1989,0.0007
5417,uga,1990,0
5417,uga,1991,0.002893
5417,uga,1992,0.030241
5417,uga,1993,0
5417,uga,1994,0.000686
5417,uga,1995,0.016328
5417,uga,1996,0.028118
5417,uga,1997,0.078394
5417,uga,1998,0.09543
5417,uga,1999,0.040395
5417,uga,2000,0.051448
5417,uga,2001,0.101361
5417,uga,2002,0.045441
5417,uga,2003,0.146128
5417,uga,2004,0.095951
5417,uga,2005,0.084163
5417,uga,2006,0.054508
5417,uga,2007,0.060713
5417,uga,2008,0.057679
5417,uga,2009,0.047321
5417,uga,2010,0.07718
5417,uga,2011,0.084248
5417,uga,2012,0.172355
5417,uga,2013,0.163545
5417,uga,2014,0.174858
5417,uga,2015,0.190105
5417,uga,2016,0.507156
5417,uga,1962,0
5417,uga,1963,0
5417,uga,1964,0
5417,uga,1965,0.001942
5417,uga,1966,0.001181
5417,uga,1967,0
5417,uga,1968,0
5417,uga,1969,0
5417,uga,1970,0.004148
5417,uga,1971,0
5417,uga,1972,0.007405
5417,uga,1973,0.000341
5417,uga,1974,0.008557
5417,uga,1975,0.006072
5417,uga,1976,0.000551
5417,uga,1977,0
5417,uga,1978,0.000473
5417,uga,1979,0
5417,uga,1980,0.000295
5417,uga,1981,0.002397
5417,uga,1982,0.087104
5417,uga,1983,0
5417,uga,1984,0
5417,uga,1985,0
5417,uga,1986,0
5417,uga,1987,0.01132
5417,ury,1988,0.156568
5417,ury,1989,0.11596
5417,ury,1990,0.35843
5417,ury,1991,0.952122
5417,ury,1992,0.751948
5417,ury,1993,0.781928
5417,ury,1994,1.001817
5417,ury,1995,1.545518
5417,ury,1996,1.088985
5417,ury,1997,1.186493
5417,ury,1998,0.999778
5417,ury,1999,1.105276
5417,ury,2000,1.224016
5417,ury,2001,1.24127
5417,ury,2002,0.936298
5417,ury,2003,0.66122
5417,ury,2004,0.664819
5417,ury,2005,0.799981
5417,ury,2006,0.729767
5417,ury,2007,0.756755
5417,ury,2008,0.754384
5417,ury,2009,0.869037
5417,ury,2010,0.764193
5417,ury,2011,0.855441
5417,ury,2012,0.876965
5417,ury,2013,0.761384
5417,ury,2014,1.038081
5417,ury,2015,1.192348
5417,ury,2016,1.038114
5417,ury,1962,1.11763
5417,ury,1963,0.659732
5417,ury,1964,0.452518
5417,ury,1965,0.414367
5417,ury,1966,0.130376
5417,ury,1967,0.067747
5417,ury,1968,0.08003
5417,ury,1969,0.05983
5417,ury,1970,0.066595
5417,ury,1971,0.033965
5417,ury,1972,0.078946
5417,ury,1973,0.025755
5417,ury,1974,0.069943
5417,ury,1975,0.063679
5417,ury,1976,0.0747
5417,ury,1977,0.072055
5417,ury,1978,0.028077
5417,ury,1979,0.053777
5417,ury,1980,0.074901
5417,ury,1981,0.071235
5417,ury,1982,0.277503
5417,ury,1983,0.315095
5417,ury,1984,0.298234
5417,ury,1985,0.174418
5417,ury,1986,0.08421
5417,ury,1987,0.162111
5417,usa,1988,0.657937
5417,usa,1989,0.440242
5417,usa,1990,0.448833
5417,usa,1991,0.458707
5417,usa,1992,0.480072
5417,usa,1993,0.503261
5417,usa,1994,0.489256
5417,usa,1995,0.447368
5417,usa,1996,0.503093
5417,usa,1997,0.532383
5417,usa,1998,0.622579
5417,usa,1999,0.704423
5417,usa,2000,0.815747
5417,usa,2001,0.831524
5417,usa,2002,0.701134
5417,usa,2003,0.798339
5417,usa,2004,0.861122
5417,usa,2005,0.827776
5417,usa,2006,0.90057
5417,usa,2007,0.807586
5417,usa,2008,0.834295
5417,usa,2009,0.968385
5417,usa,2010,0.997616
5417,usa,2011,1.053756
5417,usa,2012,1.128938
5417,usa,2013,1.06472
5417,usa,2014,1.009524
5417,usa,2015,1.045512
5417,usa,2016,0.922156
5417,usa,1962,1.011378
5417,usa,1963,0.911983
5417,usa,1964,0.805265
5417,usa,1965,0.819096
5417,usa,1966,0.724073
5417,usa,1967,0.713204
5417,usa,1968,0.686322
5417,usa,1969,0.72
5417,usa,1970,0.672662
5417,usa,1971,0.615598
5417,usa,1972,0.600673
5417,usa,1973,0.540144
5417,usa,1974,0.580622
5417,usa,1975,0.465304
5417,usa,1976,0.513037
5417,usa,1977,0.506297
5417,usa,1978,0.651465
5417,usa,1979,0.588591
5417,usa,1980,0.540026
5417,usa,1981,0.617088
5417,usa,1982,0.688063
5417,usa,1983,0.736669
5417,usa,1984,0.767968
5417,usa,1985,0.746226
5417,usa,1986,0.666886
5417,usa,1987,0.616342
5417,vct,1988,0
5417,vct,1989,0
5417,vct,1990,0.000955
5417,vct,1991,0.001539
5417,vct,1992,0.005312
5417,vct,1993,0.000506
5417,vct,1994,0.016301
5417,vct,1995,0.00833
5417,vct,1996,0.00887
5417,vct,1997,0.006712
5417,vct,1998,0.140415
5417,vct,1999,0.202339
5417,vct,2000,0.407667
5417,vct,2001,0
5417,vct,2002,0.00218
5417,vct,2003,0.005818
5417,vct,2004,0
5417,vct,2005,0
5417,vct,2006,0.000687
5417,vct,2007,0.00029
5417,vct,2008,0.02847
5417,vct,2009,0.000565
5417,vct,2010,0.005865
5417,vct,2011,0.05575
5417,vct,2012,0.022928
5417,vct,2013,0.022207
5417,vct,2014,0.002822
5417,vct,2015,0.04128
5417,vct,2016,0.000272
5417,vct,1970,0
5417,vct,1971,0
5417,vct,1972,0
5417,vct,1973,0
5417,vct,1974,0
5417,vct,1975,0
5417,vct,1976,0
5417,vct,1977,0
5417,vct,1978,0
5417,vct,1979,0
5417,vct,1980,0.010305
5417,vct,1981,0
5417,vct,1982,0
5417,vct,1983,0
5417,vct,1984,0.007226
5417,vct,1985,0
5417,vct,1986,0
5417,vct,1987,0
5417,ven,1988,0.015429
5417,ven,1989,0.01453
5417,ven,1990,0.012049
5417,ven,1991,0.033457
5417,ven,1992,0.061773
5417,ven,1993,0.136345
5417,ven,1994,0.1675
5417,ven,1995,0.213143
5417,ven,1996,0.189166
5417,ven,1997,0.20102
5417,ven,1998,0.297258
5417,ven,1999,0.166133
5417,ven,2000,0.134602
5417,ven,2001,0.140768
5417,ven,2002,0.0973
5417,ven,2003,0.076122
5417,ven,2004,0.054424
5417,ven,2005,0.045172
5417,ven,2006,0.024249
5417,ven,2007,0.038626
5417,ven,2008,0.026248
5417,ven,2009,0.027649
5417,ven,2010,0.012154
5417,ven,2011,0.018238
5417,ven,2012,0.014437
5417,ven,2013,0.01032
5417,ven,2014,0.009303
5417,ven,2015,0.015021
5417,ven,2016,0.007084
5417,ven,1962,0.000592
5417,ven,1963,0.000328
5417,ven,1964,0.002672
5417,ven,1965,0.021945
5417,ven,1966,0.009092
5417,ven,1967,0.008982
5417,ven,1968,0.012648
5417,ven,1969,0.010269
5417,ven,1970,0.00318
5417,ven,1971,0.005812
5417,ven,1972,0.006147
5417,ven,1973,0.010866
5417,ven,1974,0.008886
5417,ven,1975,0.01545
5417,ven,1976,0.022908
5417,ven,1977,0.029746
5417,ven,1978,0.00511
5417,ven,1979,0.003399
5417,ven,1980,0.003857
5417,ven,1981,0.00584
5417,ven,1982,0.008388
5417,ven,1983,0.004571
5417,ven,1984,0.013873
5417,ven,1985,0.038204
5417,ven,1986,0.015267
5417,ven,1987,0.006643
5417,vgb,1988,0.067587
5417,vgb,1989,0
5417,vgb,1990,0.089799
5417,vgb,1991,0
5417,vgb,1992,0.098624
5417,vgb,1993,0.132785
5417,vgb,1994,0.032108
5417,vgb,1995,0.099259
5417,vgb,1996,0.729796
5417,vgb,1997,0.121171
5417,vgb,1998,0.036389
5417,vgb,1999,0.015657
5417,vgb,2000,0.133782
5417,vgb,2001,0.073274
5417,vgb,2002,0.146227
5417,vgb,2003,0.00048
5417,vgb,2004,0.001474
5417,vgb,2005,0.000241
5417,vgb,2006,0.000972
5417,vgb,2007,0.181875
5417,vgb,2008,0.016813
5417,vgb,2009,0.008805
5417,vgb,2010,0.095274
5417,vgb,2011,0.02333
5417,vgb,2012,0.00491
5417,vgb,2013,0.022418
5417,vgb,2014,0.418936
5417,vgb,2015,0.024546
5417,vgb,2016,0.000026
5417,vgb,1964,0
5417,vgb,1969,0
5417,vgb,1970,0
5417,vgb,1971,0
5417,vgb,1972,0
5417,vgb,1973,0
5417,vgb,1974,7.445169
5417,vgb,1975,3.154845
5417,vgb,1976,0
5417,vgb,1977,0
5417,vgb,1978,0
5417,vgb,1979,4.286463
5417,vgb,1980,0
5417,vgb,1981,0
5417,vgb,1982,0
5417,vgb,1983,0
5417,vgb,1984,0
5417,vgb,1985,0.655134
5417,vgb,1986,0
5417,vgb,1987,0
5417,vnm,1988,0.034304
5417,vnm,1989,0.082511
5417,vnm,1990,0.006455
5417,vnm,1991,0.001356
5417,vnm,1992,0.00274
5417,vnm,1993,0.007933
5417,vnm,1994,0.007618
5417,vnm,1995,0.012174
5417,vnm,1996,0.015398
5417,vnm,1997,0.03304
5417,vnm,1998,0.017116
5417,vnm,1999,0.028868
5417,vnm,2000,0.032675
5417,vnm,2001,0.036254
5417,vnm,2002,0.023094
5417,vnm,2003,0.022625
5417,vnm,2004,0.016597
5417,vnm,2005,0.02076
5417,vnm,2006,0.022837
5417,vnm,2007,0.022045
5417,vnm,2008,0.022446
5417,vnm,2009,0.026613
5417,vnm,2010,0.026279
5417,vnm,2011,0.02935
5417,vnm,2012,0.029799
5417,vnm,2013,0.028888
5417,vnm,2014,0.026306
5417,vnm,2015,0.023132
5417,vnm,2016,0.024169
5417,vnm,1962,0.11392
5417,vnm,1963,0.002915
5417,vnm,1964,0.006569
5417,vnm,1965,0.006764
5417,vnm,1966,0.040228
5417,vnm,1967,0.035667
5417,vnm,1968,0.029695
5417,vnm,1969,0.063249
5417,vnm,1970,0.110534
5417,vnm,1971,0.032862
5417,vnm,1972,0.152511
5417,vnm,1973,0.029515
5417,vnm,1974,0.013893
5417,vnm,1975,0.958516
5417,vnm,1976,2.738143
5417,vnm,1977,1.624467
5417,vnm,1978,0
5417,vnm,1979,0
5417,vnm,1980,6.872815
5417,vnm,1981,4.357393
5417,vnm,1982,4.890626
5417,vnm,1983,1.44092
5417,vnm,1984,0.13574
5417,vnm,1985,0.013071
5417,vnm,1986,0.012326
5417,vnm,1987,0.026035
5417,vut,1988,0
5417,vut,1989,0
5417,vut,1990,0
5417,vut,1991,0.634028
5417,vut,1992,0
5417,vut,1993,0
5417,vut,1994,0
5417,vut,1995,0.005259
5417,vut,1996,0
5417,vut,1997,0
5417,vut,1998,0.001509
5417,vut,1999,0
5417,vut,2000,0.002884
5417,vut,2001,0.013793
5417,vut,2002,0.000138
5417,vut,2003,0.042849
5417,vut,2004,0.000378
5417,vut,2005,0.029994
5417,vut,2006,0.02889
5417,vut,2007,0.004956
5417,vut,2008,0.00003
5417,vut,2009,0.016346
5417,vut,2010,0.016384
5417,vut,2011,0.00483
5417,vut,2012,0.037353
5417,vut,2013,0.19203
5417,vut,2014,0.013702
5417,vut,2015,0.017323
5417,vut,2016,0.013654
5417,vut,1962,0
5417,vut,1963,0
5417,vut,1964,0
5417,vut,1965,0
5417,vut,1966,0
5417,vut,1967,0.006457
5417,vut,1968,0
5417,vut,1969,0
5417,vut,1970,0
5417,vut,1971,0
5417,vut,1972,0
5417,vut,1973,0
5417,vut,1974,0
5417,vut,1975,0
5417,vut,1976,0
5417,vut,1977,0
5417,vut,1978,0
5417,vut,1979,0
5417,vut,1980,0
5417,vut,1981,0
5417,vut,1982,0
5417,vut,1983,0.005838
5417,vut,1984,0.039258
5417,vut,1985,0
5417,vut,1986,0
5417,vut,1987,0
5417,wlf,1988,0
5417,wlf,1989,0
5417,wlf,1990,0
5417,wlf,1991,0
5417,wlf,1992,0
5417,wlf,1993,0
5417,wlf,1994,0
5417,wlf,1995,0
5417,wlf,1996,0
5417,wlf,1997,0
5417,wlf,1998,0
5417,wlf,1999,0
5417,wlf,2000,0
5417,wlf,2001,0.082632
5417,wlf,2002,0
5417,wlf,2003,0
5417,wlf,2004,0
5417,wlf,2005,0
5417,wlf,2006,0
5417,wlf,2007,0
5417,wlf,2008,0
5417,wlf,2009,3.651139
5417,wlf,2010,0
5417,wlf,2011,2.1359
5417,wlf,2012,0
5417,wlf,2013,0
5417,wlf,2014,0
5417,wlf,2015,0.056315
5417,wlf,2016,0
5417,wlf,1971,0
5417,wlf,1972,0
5417,wlf,1973,0
5417,wlf,1974,0
5417,wlf,1975,0
5417,wlf,1976,0
5417,wlf,1977,0
5417,wlf,1978,0
5417,wlf,1979,0
5417,wlf,1980,0
5417,wlf,1981,0
5417,wlf,1982,0
5417,wlf,1983,0
5417,wlf,1984,0
5417,wlf,1985,0
5417,wlf,1986,0
5417,wlf,1987,0
5417,wsm,1988,0.059741
5417,wsm,1989,0
5417,wsm,1990,0.018343
5417,wsm,1991,0
5417,wsm,1992,0
5417,wsm,1993,0
5417,wsm,1994,0
5417,wsm,1995,0
5417,wsm,1996,0
5417,wsm,1997,0
5417,wsm,1998,0
5417,wsm,1999,0
5417,wsm,2000,0
5417,wsm,2001,0.001657
5417,wsm,2002,0.006445
5417,wsm,2003,0.031726
5417,wsm,2004,0.103888
5417,wsm,2005,0.003177
5417,wsm,2006,0.003792
5417,wsm,2007,0.003074
5417,wsm,2008,0.044343
5417,wsm,2009,0.000532
5417,wsm,2010,0.187878
5417,wsm,2011,0.013936
5417,wsm,2012,0.045687
5417,wsm,2013,0.137214
5417,wsm,2014,0.070905
5417,wsm,2015,0.097519
5417,wsm,2016,0.027952
5417,wsm,1963,0
5417,wsm,1964,0
5417,wsm,1965,0
5417,wsm,1966,0
5417,wsm,1967,0
5417,wsm,1968,0
5417,wsm,1969,0
5417,wsm,1970,0
5417,wsm,1971,0.393762
5417,wsm,1972,0
5417,wsm,1973,0
5417,wsm,1974,0
5417,wsm,1975,0
5417,wsm,1976,0
5417,wsm,1977,0
5417,wsm,1978,0
5417,wsm,1979,0
5417,wsm,1980,0
5417,wsm,1981,0
5417,wsm,1982,0
5417,wsm,1983,0
5417,wsm,1984,0
5417,wsm,1985,0
5417,wsm,1986,0
5417,wsm,1987,0
5417,yem,1988,0
5417,yem,1989,0.004128
5417,yem,1990,0.017609
5417,yem,1991,0.001424
5417,yem,1992,0.004758
5417,yem,1993,0.006919
5417,yem,1994,0.00243
5417,yem,1995,0.001408
5417,yem,1996,0.005846
5417,yem,1997,0.028894
5417,yem,1998,0.054572
5417,yem,1999,0.011144
5417,yem,2000,0.061122
5417,yem,2001,0.000752
5417,yem,2002,0.000659
5417,yem,2003,0.003909
5417,yem,2004,0.011163
5417,yem,2005,0.006817
5417,yem,2006,0.00501
5417,yem,2007,0.012048
5417,yem,2008,0.007209
5417,yem,2009,0.006915
5417,yem,2010,0.006664
5417,yem,2011,0.010788
5417,yem,2012,0.016883
5417,yem,2013,0.028883
5417,yem,2014,0.015132
5417,yem,2015,0.043318
5417,yem,2016,0.007697
5417,yem,1962,0
5417,yem,1963,0
5417,yem,1964,0
5417,yem,1965,0
5417,yem,1966,0
5417,yem,1967,0
5417,yem,1968,0
5417,yem,1969,0.029852
5417,yem,1970,0.014497
5417,yem,1971,0.024549
5417,yem,1972,0.057239
5417,yem,1973,0.156017
5417,yem,1974,0.014602
5417,yem,1975,0.070789
5417,yem,1976,0.319653
5417,yem,1977,0.098346
5417,yem,1978,0
5417,yem,1979,0
5417,yem,1980,0.028998
5417,yem,1981,0.114961
5417,yem,1982,0
5417,yem,1983,1.478334
5417,yem,1984,0
5417,yem,1985,0.003135
5417,yem,1986,0.268058
5417,yem,1987,0
5417,ymd,1988,0
5417,ymd,1989,0
5417,ymd,1990,0.004409
5417,ymd,1962,0.610975
5417,ymd,1963,0.001499
5417,ymd,1964,0.00151
5417,ymd,1965,0
5417,ymd,1966,0.022628
5417,ymd,1967,0.018223
5417,ymd,1968,0.105504
5417,ymd,1969,0.014465
5417,ymd,1970,0.025536
5417,ymd,1971,0.044785
5417,ymd,1972,0.049018
5417,ymd,1973,0.038013
5417,ymd,1974,0.002222
5417,ymd,1975,0.064591
5417,ymd,1976,0
5417,ymd,1977,0
5417,ymd,1978,0.004173
5417,ymd,1979,0
5417,ymd,1980,0
5417,ymd,1981,0
5417,ymd,1982,0
5417,ymd,1983,0.000378
5417,ymd,1984,0.004559
5417,ymd,1985,0.00867
5417,ymd,1986,0
5417,ymd,1987,0
5417,yug,1988,1.668141
5417,yug,1989,4.615316
5417,yug,1990,3.439231
5417,yug,1991,0.54767
5417,yug,1962,0.167561
5417,yug,1963,0.116679
5417,yug,1964,0.1556
5417,yug,1965,0.278999
5417,yug,1966,0.654357
5417,yug,1967,0.591141
5417,yug,1968,1.412142
5417,yug,1969,1.225122
5417,yug,1970,1.527214
5417,yug,1971,1.9713
5417,yug,1972,1.365768
5417,yug,1973,1.115674
5417,yug,1974,1.683824
5417,yug,1975,1.904019
5417,yug,1976,1.784557
5417,yug,1977,1.558308
5417,yug,1978,0.356318
5417,yug,1979,0.323892
5417,yug,1980,0.561424
5417,yug,1981,0.621719
5417,yug,1982,1.287062
5417,yug,1983,1.116507
5417,yug,1984,1.476899
5417,yug,1985,1.781102
5417,yug,1986,1.211886
5417,yug,1987,1.359655
5417,zaf,1988,0.136001
5417,zaf,1989,0.111621
5417,zaf,1990,0.108164
5417,zaf,1991,0.113856
5417,zaf,1992,0.084008
5417,zaf,1993,0.093987
5417,zaf,1994,0.1221
5417,zaf,1995,0.125911
5417,zaf,1996,0.119515
5417,zaf,1997,0.130515
5417,zaf,1998,0.154223
5417,zaf,1999,0.114357
5417,zaf,2000,0.330833
5417,zaf,2001,0.202156
5417,zaf,2002,0.150808
5417,zaf,2003,0.167227
5417,zaf,2004,0.176648
5417,zaf,2005,0.143356
5417,zaf,2006,0.143556
5417,zaf,2007,0.144506
5417,zaf,2008,0.144552
5417,zaf,2009,0.172539
5417,zaf,2010,0.156297
5417,zaf,2011,0.164876
5417,zaf,2012,0.205921
5417,zaf,2013,0.219736
5417,zaf,2014,0.221123
5417,zaf,2015,0.162831
5417,zaf,2016,0.183939
5417,zaf,1962,0.062994
5417,zaf,1963,0.02469
5417,zaf,1964,0.028596
5417,zaf,1965,0.033935
5417,zaf,1966,0.117386
5417,zaf,1967,0.130166
5417,zaf,1968,0.026121
5417,zaf,1969,0.071748
5417,zaf,1970,0.207928
5417,zaf,1971,0.104274
5417,zaf,1972,0.150931
5417,zaf,1973,0.160783
5417,zaf,1974,0.209042
5417,zaf,1975,0.098498
5417,zaf,1976,0.086199
5417,zaf,1977,0.078136
5417,zaf,1978,0.072057
5417,zaf,1979,0.101292
5417,zaf,1980,0.054642
5417,zaf,1981,0.076373
5417,zaf,1982,0.086596
5417,zaf,1983,0.080777
5417,zaf,1984,0.145904
5417,zaf,1985,0.12286
5417,zaf,1986,0.109263
5417,zaf,1987,0.0799
5417,zmb,1988,0
5417,zmb,1989,0.00045
5417,zmb,1990,0.033911
5417,zmb,1991,0.017415
5417,zmb,1992,0.008705
5417,zmb,1993,0.008926
5417,zmb,1994,0.008194
5417,zmb,1995,0.007688
5417,zmb,1996,0.00973
5417,zmb,1997,0.031783
5417,zmb,1998,0.008689
5417,zmb,1999,0.02776
5417,zmb,2000,0.025371
5417,zmb,2001,0.028739
5417,zmb,2002,0.016301
5417,zmb,2003,0.004606
5417,zmb,2004,0.001972
5417,zmb,2005,0.004569
5417,zmb,2006,0.003207
5417,zmb,2007,0.006715
5417,zmb,2008,0.004493
5417,zmb,2009,0.005334
5417,zmb,2010,0.007153
5417,zmb,2011,0.028945
5417,zmb,2012,0.000308
5417,zmb,2013,0.000343
5417,zmb,2014,0.001278
5417,zmb,2015,0.000672
5417,zmb,2016,0.001779
5417,zmb,1965,0.011349
5417,zmb,1966,0.008355
5417,zmb,1967,0.014475
5417,zmb,1968,0.002976
5417,zmb,1969,0.00037
5417,zmb,1970,0.00389
5417,zmb,1971,0.002166
5417,zmb,1972,0.000132
5417,zmb,1973,0.000253
5417,zmb,1974,0.000701
5417,zmb,1975,0
5417,zmb,1976,0.009897
5417,zmb,1977,0.001938
5417,zmb,1978,0
5417,zmb,1979,0.001523
5417,zmb,1980,0
5417,zmb,1981,0.002529
5417,zmb,1982,0
5417,zmb,1983,0
5417,zmb,1984,0.001899
5417,zmb,1985,0.003036
5417,zmb,1986,0
5417,zmb,1987,0
5417,zwe,1988,0.030512
5417,zwe,1989,0.031583
5417,zwe,1990,0.180359
5417,zwe,1991,0.18581
5417,zwe,1992,0.316513
5417,zwe,1993,0.364378
5417,zwe,1994,0.229521
5417,zwe,1995,0.222651
5417,zwe,1996,0.171934
5417,zwe,1997,0.152467
5417,zwe,1998,0.119625
5417,zwe,1999,0.155625
5417,zwe,2000,0.228536
5417,zwe,2001,0.07427
5417,zwe,2002,0.158738
5417,zwe,2003,0.050796
5417,zwe,2004,0.056699
5417,zwe,2005,0.061175
5417,zwe,2006,0.015689
5417,zwe,2007,0.016344
5417,zwe,2008,0.027165
5417,zwe,2009,0.027771
5417,zwe,2010,0.050426
5417,zwe,2011,0.058408
5417,zwe,2012,0.026714
5417,zwe,2013,0.027795
5417,zwe,2014,0.040603
5417,zwe,2015,0.035126
5417,zwe,2016,0.025467
5417,zwe,1965,0.019233
5417,zwe,1966,0.542047
5417,zwe,1967,0.757991
5417,zwe,1968,1.705636
5417,zwe,1969,2.668371
5417,zwe,1970,1.038498
5417,zwe,1971,1.095421
5417,zwe,1972,0.788999
5417,zwe,1973,0.89608
5417,zwe,1974,1.267937
5417,zwe,1975,1.001282
5417,zwe,1976,0.314242
5417,zwe,1977,0.374472
5417,zwe,1978,0.363725
5417,zwe,1979,0.739999
5417,zwe,1980,0.983488
5417,zwe,1981,0.242015
5417,zwe,1982,0.133359
5417,zwe,1983,0.074648
5417,zwe,1984,0.794318
5417,zwe,1985,0.569612
5417,zwe,1986,0.376379
5417,zwe,1987,0.078647
5417,twn,1988,0.054782
5417,twn,1989,0.050285
5417,twn,1990,0.049076
5417,twn,1991,0.051453
5417,twn,1992,0.04657
5417,twn,1993,0.034245
5417,twn,1994,0.038406
5417,twn,1995,0.031487
5417,twn,1996,0.035357
5417,twn,1997,0.033731
5417,twn,1998,0.027458
5417,twn,1999,0.025944
5417,twn,2000,0.025016
5417,twn,2001,0.017736
5417,twn,2002,0.011188
5417,twn,2003,0.011142
5417,twn,2004,0.01416
5417,twn,2005,0.02358
5417,twn,2006,0.025946
5417,twn,2007,0.024522
5417,twn,2008,0.023127
5417,twn,2009,0.026589
5417,twn,2010,0.027746
5417,twn,2011,0.03696
5417,twn,2012,0.045474
5417,twn,2013,0.046791
5417,twn,2014,0.052482
5417,twn,2015,0.048184
5417,twn,2016,0.061884
5417,twn,1962,0.764341
5417,twn,1963,0.115187
5417,twn,1964,0.077913
5417,twn,1965,0.056832
5417,twn,1966,0.086602
5417,twn,1967,0.077453
5417,twn,1968,0.076729
5417,twn,1969,0.065581
5417,twn,1970,0.1069
5417,twn,1971,0.08983
5417,twn,1972,0.107208
5417,twn,1973,0.1013
5417,twn,1974,0.147
5417,twn,1975,0.138909
5417,twn,1976,0.128557
5417,twn,1977,0.121432
5417,twn,1978,0.147924
5417,twn,1979,0.121802
5417,twn,1980,0.103389
5417,twn,1981,0.110052
5417,twn,1982,0.107703
5417,twn,1983,0.103861
5417,twn,1984,0.081981
5417,twn,1985,0.06124
5417,twn,1986,0.046922
5417,twn,1987,0.038543
5417,ans,1988,0.142424
5417,ans,1989,0.12974
5417,ans,1990,0.128239
5417,ans,1991,0.196668
5417,ans,1992,0.316158
5417,ans,1993,0.285136
5417,ans,1994,0.160432
5417,ans,1995,0.15444
5417,ans,1996,0.118907
5417,ans,1997,0.251936
5417,ans,1998,0.344824
5417,ans,1999,0.250222
5417,ans,2000,0.144393
5417,ans,2001,0.10458
5417,ans,2002,0.126901
5417,ans,2003,0.248774
5417,ans,2004,0.303979
5417,ans,2005,0.225682
5417,ans,2006,0.104488
5417,ans,2007,0.163985
5417,ans,2008,0.171064
5417,ans,2009,0.353331
5417,ans,2010,0.484726
5417,ans,2011,0.441017
5417,ans,2012,0.345247
5417,ans,2013,0.432258
5417,ans,2014,0.432918
5417,ans,2015,0.712221
5417,ans,2016,0.139926
5417,ans,1962,0.081176
5417,ans,1963,0.130916
5417,ans,1964,0.008247
5417,ans,1965,0.032684
5417,ans,1966,0.033149
5417,ans,1967,0.062536
5417,ans,1968,0.090311
5417,ans,1969,0.128733
5417,ans,1970,0.097856
5417,ans,1971,0.109467
5417,ans,1972,0.139569
5417,ans,1973,0.039118
5417,ans,1974,0.17947
5417,ans,1975,0.08205
5417,ans,1976,0.04027
5417,ans,1977,0.084806
5417,ans,1978,0.091678
5417,ans,1979,0.20975
5417,ans,1980,0.024877
5417,ans,1981,0.052977
5417,ans,1982,0.08065
5417,ans,1983,0.081722
5417,ans,1984,0.15171
5417,ans,1985,0.06216
5417,ans,1986,0.075519
5417,ans,1987,0.062748
5417,arm,1992,2.611771
5417,arm,1993,0.877732
5417,arm,1994,0
5417,arm,1995,0.050066
5417,arm,1996,0.063737
5417,arm,1997,0.350687
5417,arm,1998,0.205793
5417,arm,1999,0.141691
5417,arm,2000,0.140835
5417,arm,2001,0.241377
5417,arm,2002,0.049985
5417,arm,2003,0.050296
5417,arm,2004,0.058759
5417,arm,2005,0.081444
5417,arm,2006,0.358969
5417,arm,2007,0.648719
5417,arm,2008,0.152071
5417,arm,2009,0.183045
5417,arm,2010,0.185655
5417,arm,2011,0.646614
5417,arm,2012,0.997749
5417,arm,2013,0.236108
5417,arm,2014,0.253569
5417,arm,2015,0.233325
5417,arm,2016,0.151276
5417,aze,1992,0
5417,aze,1993,0
5417,aze,1994,0.135798
5417,aze,1995,0.036925
5417,aze,1996,0.02426
5417,aze,1997,0.11562
5417,aze,1998,0.022029
5417,aze,1999,0.041529
5417,aze,2000,0.047388
5417,aze,2001,0.012198
5417,aze,2002,0.032379
5417,aze,2003,0.012477
5417,aze,2004,0.012653
5417,aze,2005,0.004596
5417,aze,2006,0.001099
5417,aze,2007,0.001278
5417,aze,2008,0.001003
5417,aze,2009,0.000496
5417,aze,2010,0.00149
5417,aze,2011,0.046411
5417,aze,2012,0.093078
5417,aze,2013,0.005285
5417,aze,2014,0.01845
5417,aze,2015,0.002552
5417,aze,2016,0.001649
5417,bih,1992,0.347604
5417,bih,1993,0.704087
5417,bih,1994,0.574327
5417,bih,1995,0.122716
5417,bih,1996,0.028794
5417,bih,1997,0.095033
5417,bih,1998,0.143897
5417,bih,1999,0.078393
5417,bih,2000,0.1266
5417,bih,2001,0.296815
5417,bih,2002,0.07186
5417,bih,2003,0.07734
5417,bih,2004,0.172503
5417,bih,2005,0.251352
5417,bih,2006,0.222448
5417,bih,2007,0.231043
5417,bih,2008,0.577474
5417,bih,2009,0.324438
5417,bih,2010,0.385089
5417,bih,2011,0.429568
5417,bih,2012,0.528461
5417,bih,2013,0.480376
5417,bih,2014,0.578349
5417,bih,2015,0.493505
5417,bih,2016,0.381557
5417,blr,1992,0.045036
5417,blr,1993,0.014067
5417,blr,1994,0.214924
5417,blr,1995,0.405394
5417,blr,1996,0.577333
5417,blr,1997,0.515009
5417,blr,1998,0.803931
5417,blr,1999,0.624329
5417,blr,2000,0.592336
5417,blr,2001,0.373839
5417,blr,2002,0.291421
5417,blr,2003,0.275064
5417,blr,2004,0.187318
5417,blr,2005,0.177174
5417,blr,2006,0.136751
5417,blr,2007,0.134196
5417,blr,2008,0.134259
5417,blr,2009,0.190557
5417,blr,2010,0.249682
5417,blr,2011,0.152091
5417,blr,2012,0.185834
5417,blr,2013,0.242357
5417,blr,2014,0.257622
5417,blr,2015,0.247144
5417,blr,2016,0.318994
5417,est,1992,0.121952
5417,est,1993,0.222482
5417,est,1994,0.596501
5417,est,1995,0.916684
5417,est,1996,0.909225
5417,est,1997,0.740572
5417,est,1998,0.43722
5417,est,1999,0.398948
5417,est,2000,0.357288
5417,est,2001,0.230484
5417,est,2002,0.222942
5417,est,2003,0.152694
5417,est,2004,0.169645
5417,est,2005,0.132225
5417,est,2006,0.122718
5417,est,2007,0.136431
5417,est,2008,0.17414
5417,est,2009,0.161488
5417,est,2010,0.186009
5417,est,2011,0.189092
5417,est,2012,0.179388
5417,est,2013,0.205137
5417,est,2014,0.19047
5417,est,2015,0.221691
5417,est,2016,0.251766
5417,fsm,1992,0
5417,fsm,1993,0
5417,fsm,1994,0
5417,fsm,1995,0
5417,fsm,1996,0.227985
5417,fsm,1997,0
5417,fsm,1998,0
5417,fsm,1999,0
5417,fsm,2000,0
5417,fsm,2001,0.000097
5417,fsm,2002,0.003381
5417,fsm,2003,0.00331
5417,fsm,2004,0
5417,fsm,2005,0
5417,fsm,2006,0
5417,fsm,2007,0.002559
5417,fsm,2008,0.003113
5417,fsm,2009,0.034711
5417,fsm,2010,0
5417,fsm,2011,0.038536
5417,fsm,2012,0.011281
5417,fsm,2013,0.336465
5417,fsm,2014,0.072245
5417,fsm,2015,0.00077
5417,fsm,2016,0.023454
5417,geo,1992,0.296094
5417,geo,1993,0
5417,geo,1994,0.033592
5417,geo,1995,0.440795
5417,geo,1996,0.643961
5417,geo,1997,0.762684
5417,geo,1998,0.841183
5417,geo,1999,0.446207
5417,geo,2000,0.733939
5417,geo,2001,0.589705
5417,geo,2002,0.77082
5417,geo,2003,0.179938
5417,geo,2004,0.170655
5417,geo,2005,0.174468
5417,geo,2006,0.23685
5417,geo,2007,0.526105
5417,geo,2008,0.53793
5417,geo,2009,0.572084
5417,geo,2010,0.848145
5417,geo,2011,0.691938
5417,geo,2012,0.843113
5417,geo,2013,0.795552
5417,geo,2014,1.330338
5417,geo,2015,2.320229
5417,geo,2016,1.903609
5417,hrv,1992,1.500792
5417,hrv,1993,1.686563
5417,hrv,1994,2.167275
5417,hrv,1995,1.696207
5417,hrv,1996,1.399207
5417,hrv,1997,1.728916
5417,hrv,1998,1.430133
5417,hrv,1999,1.150084
5417,hrv,2000,1.4712
5417,hrv,2001,1.042357
5417,hrv,2002,0.704591
5417,hrv,2003,0.608811
5417,hrv,2004,0.677594
5417,hrv,2005,0.795232
5417,hrv,2006,1.015918
5417,hrv,2007,0.966166
5417,hrv,2008,0.96484
5417,hrv,2009,1.051662
5417,hrv,2010,1.463239
5417,hrv,2011,1.816991
5417,hrv,2012,2.056522
5417,hrv,2013,2.097479
5417,hrv,2014,2.07363
5417,hrv,2015,1.922087
5417,hrv,2016,1.995744
5417,kaz,1992,0
5417,kaz,1993,0
5417,kaz,1994,0.002573
5417,kaz,1995,0.236036
5417,kaz,1996,0.03133
5417,kaz,1997,0.049438
5417,kaz,1998,0.019908
5417,kaz,1999,0.003646
5417,kaz,2000,0.008487
5417,kaz,2001,0.009174
5417,kaz,2002,0.00269
5417,kaz,2003,0.005237
5417,kaz,2004,0.005998
5417,kaz,2005,0.006428
5417,kaz,2006,0.009263
5417,kaz,2007,0.012709
5417,kaz,2008,0.011726
5417,kaz,2009,0.012517
5417,kaz,2010,0.011428
5417,kaz,2011,0.011194
5417,kaz,2012,0.011144
5417,kaz,2013,0.011246
5417,kaz,2014,0.011363
5417,kaz,2015,0.020573
5417,kaz,2016,0.019414
5417,kgz,1992,0
5417,kgz,1993,0
5417,kgz,1994,0.00113
5417,kgz,1995,0.325576
5417,kgz,1996,0.250412
5417,kgz,1997,0.03307
5417,kgz,1998,0.114959
5417,kgz,1999,0.084194
5417,kgz,2000,0.011823
5417,kgz,2001,0.010522
5417,kgz,2002,0.016287
5417,kgz,2003,0.014704
5417,kgz,2004,0.00591
5417,kgz,2005,0.015664
5417,kgz,2006,0.017656
5417,kgz,2007,0.025845
5417,kgz,2008,0.014211
5417,kgz,2009,0.003416
5417,kgz,2010,0.024413
5417,kgz,2011,0.139223
5417,kgz,2012,0.034458
5417,kgz,2013,0.061114
5417,kgz,2014,0.0342
5417,kgz,2015,0.567705
5417,kgz,2016,0.019925
5417,ltu,1992,0.312406
5417,ltu,1993,0.043081
5417,ltu,1994,1.147334
5417,ltu,1995,1.473313
5417,ltu,1996,1.253614
5417,ltu,1997,1.177165
5417,ltu,1998,0.862186
5417,ltu,1999,0.710763
5417,ltu,2000,0.655926
5417,ltu,2001,0.544612
5417,ltu,2002,0.436266
5417,ltu,2003,0.304225
5417,ltu,2004,0.336693
5417,ltu,2005,0.276443
5417,ltu,2006,0.243636
5417,ltu,2007,0.269604
5417,ltu,2008,0.300395
5417,ltu,2009,0.478119
5417,ltu,2010,0.586826
5417,ltu,2011,0.566469
5417,ltu,2012,0.590411
5417,ltu,2013,0.72703
5417,ltu,2014,0.836658
5417,ltu,2015,0.945081
5417,ltu,2016,0.957256
5417,lva,1992,0.08266
5417,lva,1993,0.002022
5417,lva,1994,0.252126
5417,lva,1995,1.357206
5417,lva,1996,1.222307
5417,lva,1997,1.29695
5417,lva,1998,1.187934
5417,lva,1999,1.314234
5417,lva,2000,1.365214
5417,lva,2001,1.08109
5417,lva,2002,0.865573
5417,lva,2003,0.925708
5417,lva,2004,0.943269
5417,lva,2005,0.909299
5417,lva,2006,1.11577
5417,lva,2007,1.205934
5417,lva,2008,1.203273
5417,lva,2009,1.237113
5417,lva,2010,1.329878
5417,lva,2011,1.399667
5417,lva,2012,1.202869
5417,lva,2013,1.299586
5417,lva,2014,1.19151
5417,lva,2015,1.191539
5417,lva,2016,1.489555
5417,mda,1992,0.058276
5417,mda,1993,0
5417,mda,1994,0.155063
5417,mda,1995,0.133795
5417,mda,1996,0.14364
5417,mda,1997,0.198327
5417,mda,1998,0.288013
5417,mda,1999,0.78153
5417,mda,2000,0.220522
5417,mda,2001,0.136039
5417,mda,2002,0.084103
5417,mda,2003,0.073449
5417,mda,2004,0.078081
5417,mda,2005,0.092698
5417,mda,2006,0.198968
5417,mda,2007,0.203108
5417,mda,2008,0.213315
5417,mda,2009,0.511086
5417,mda,2010,0.591099
5417,mda,2011,1.342909
5417,mda,2012,1.659907
5417,mda,2013,1.954841
5417,mda,2014,2.002102
5417,mda,2015,1.330757
5417,mda,2016,0.561756
5417,mhl,1992,0
5417,mhl,1993,0
5417,mhl,1994,0
5417,mhl,1995,0
5417,mhl,1996,0
5417,mhl,1997,0
5417,mhl,1998,0
5417,mhl,1999,0
5417,mhl,2000,0
5417,mhl,2001,0.049623
5417,mhl,2002,0
5417,mhl,2003,0
5417,mhl,2004,0
5417,mhl,2005,0.001241
5417,mhl,2006,0.024373
5417,mhl,2007,0.006683
5417,mhl,2008,0
5417,mhl,2009,0.000405
5417,mhl,2010,0.000824
5417,mhl,2011,0
5417,mhl,2012,0.015093
5417,mhl,2013,0.025186
5417,mhl,2014,0
5417,mhl,2015,0.023127
5417,mhl,2016,0
5417,mnp,1992,0
5417,mnp,1993,0
5417,mnp,1994,0
5417,mnp,1995,0
5417,mnp,1996,0
5417,mnp,1997,0
5417,mnp,1998,0
5417,mnp,1999,0
5417,mnp,2000,0
5417,mnp,2001,0
5417,mnp,2002,0
5417,mnp,2003,0.01494
5417,mnp,2004,0.023249
5417,mnp,2005,0.094374
5417,mnp,2006,0.022852
5417,mnp,2007,0.015168
5417,mnp,2008,0.023922
5417,mnp,2009,0.053412
5417,mnp,2010,0.056834
5417,mnp,2011,0.174551
5417,mnp,2012,0.496333
5417,mnp,2013,1.553274
5417,mnp,2014,1.380531
5417,mnp,2015,0.778312
5417,mnp,2016,0.011438
5417,plw,1992,0
5417,plw,1993,0
5417,plw,1994,0
5417,plw,1995,0.001739
5417,plw,1996,0
5417,plw,1997,0
5417,plw,1998,0
5417,plw,1999,0
5417,plw,2000,0
5417,plw,2001,0
5417,plw,2002,0.010742
5417,plw,2003,0.195625
5417,plw,2004,0
5417,plw,2005,0
5417,plw,2006,0
5417,plw,2007,0.308313
5417,plw,2008,0.077737
5417,plw,2009,0.239035
5417,plw,2010,0
5417,plw,2011,0.039644
5417,plw,2012,0
5417,plw,2013,0
5417,plw,2014,0
5417,plw,2015,0
5417,plw,2016,0.000677
5417,rus,1992,0.015921
5417,rus,1993,0.008505
5417,rus,1994,0.047426
5417,rus,1995,0.037126
5417,rus,1996,0.049547
5417,rus,1997,0.043799
5417,rus,1998,0.070329
5417,rus,1999,0.052684
5417,rus,2000,0.060609
5417,rus,2001,0.042414
5417,rus,2002,0.033176
5417,rus,2003,0.036585
5417,rus,2004,0.030794
5417,rus,2005,0.027295
5417,rus,2006,0.028584
5417,rus,2007,0.030182
5417,rus,2008,0.026454
5417,rus,2009,0.031528
5417,rus,2010,0.02777
5417,rus,2011,0.02927
5417,rus,2012,0.041852
5417,rus,2013,0.042057
5417,rus,2014,0.04053
5417,rus,2015,0.043679
5417,rus,2016,0.06868
5417,scg,1992,1.331971
5417,scg,1993,1.523657
5417,scg,1994,4.049738
5417,scg,1995,5.457418
5417,scg,1996,1.923358
5417,scg,1997,2.164513
5417,scg,1998,2.507034
5417,scg,1999,1.786084
5417,scg,2000,2.014735
5417,scg,2001,1.193076
5417,scg,2002,0.845167
5417,scg,2003,0.718535
5417,scg,2004,0.699659
5417,scg,2005,0.892185
5417,scg,2006,1.804074
5417,svn,1992,4.465331
5417,svn,1993,3.798835
5417,svn,1994,3.892603
5417,svn,1995,3.589818
5417,svn,1996,3.940514
5417,svn,1997,4.147638
5417,svn,1998,3.185827
5417,svn,1999,2.919141
5417,svn,2000,3.307571
5417,svn,2001,2.747441
5417,svn,2002,2.232463
5417,svn,2003,2.500543
5417,svn,2004,2.595047
5417,svn,2005,2.654669
5417,svn,2006,2.83133
5417,svn,2007,2.924812
5417,svn,2008,3.337687
5417,svn,2009,3.218142
5417,svn,2010,3.612177
5417,svn,2011,3.888428
5417,svn,2012,4.126306
5417,svn,2013,4.469231
5417,svn,2014,4.275734
5417,svn,2015,3.814339
5417,svn,2016,3.345612
5417,tjk,1992,0
5417,tjk,1993,0
5417,tjk,1994,0
5417,tjk,1995,0.020114
5417,tjk,1996,0.020836
5417,tjk,1997,0.005593
5417,tjk,1998,0.000391
5417,tjk,1999,0
5417,tjk,2000,0.000436
5417,tjk,2001,0.000454
5417,tjk,2002,0.001279
5417,tjk,2003,0
5417,tjk,2004,0.005867
5417,tjk,2005,0
5417,tjk,2006,0
5417,tjk,2007,0
5417,tjk,2008,0.035098
5417,tjk,2009,0.068692
5417,tjk,2010,0.135582
5417,tjk,2011,0.212792
5417,tjk,2012,0.010813
5417,tjk,2013,0.001396
5417,tjk,2014,0.001203
5417,tjk,2015,0.006003
5417,tjk,2016,0.001042
5417,tkm,1992,0.145676
5417,tkm,1993,0
5417,tkm,1994,0.016011
5417,tkm,1995,0.002982
5417,tkm,1996,0.059627
5417,tkm,1997,0.000171
5417,tkm,1998,0.008585
5417,tkm,1999,0.002645
5417,tkm,2000,0.002651
5417,tkm,2001,0.000004
5417,tkm,2002,0.00082
5417,tkm,2003,0.000039
5417,tkm,2004,0
5417,tkm,2005,0
5417,tkm,2006,0.000454
5417,tkm,2007,0.000003
5417,tkm,2008,0.000011
5417,tkm,2009,0.001448
5417,tkm,2010,0.001475
5417,tkm,2011,0
5417,tkm,2012,0.000014
5417,tkm,2013,0.000074
5417,tkm,2014,0.000351
5417,tkm,2015,0.000006
5417,tkm,2016,0.000848
5417,ukr,1992,0.519944
5417,ukr,1993,0.041695
5417,ukr,1994,0.182241
5417,ukr,1995,0.127693
5417,ukr,1996,0.456929
5417,ukr,1997,0.515905
5417,ukr,1998,0.384122
5417,ukr,1999,0.165718
5417,ukr,2000,0.223559
5417,ukr,2001,0.165556
5417,ukr,2002,0.091626
5417,ukr,2003,0.085799
5417,ukr,2004,0.072146
5417,ukr,2005,0.090124
5417,ukr,2006,0.08949
5417,ukr,2007,0.101586
5417,ukr,2008,0.090545
5417,ukr,2009,0.110306
5417,ukr,2010,0.14066
5417,ukr,2011,0.124421
5417,ukr,2012,0.154178
5417,ukr,2013,0.179809
5417,ukr,2014,0.202948
5417,ukr,2015,0.152525
5417,ukr,2016,0.139601
5417,umi,1992,0
5417,umi,2000,0.051127
5417,umi,2001,0
5417,umi,2002,0
5417,umi,2003,0.00267
5417,umi,2004,0.251836
5417,umi,2005,0.004063
5417,umi,2006,0.002447
5417,umi,2007,0.182325
5417,umi,2008,0.260471
5417,umi,2009,19.936918
5417,umi,2010,26.179508
5417,umi,2011,29.810585
5417,umi,2012,0.358671
5417,umi,2013,0.024926
5417,umi,2014,0.167828
5417,umi,2015,4.239249
5417,umi,2016,0.046457
5417,uzb,1992,0.033478
5417,uzb,1993,0
5417,uzb,1994,0.000409
5417,uzb,1995,0.025537
5417,uzb,1996,0.018507
5417,uzb,1997,0.029305
5417,uzb,1998,0.086541
5417,uzb,1999,0.021247
5417,uzb,2000,0.051532
5417,uzb,2001,0.027805
5417,uzb,2002,0.050387
5417,uzb,2003,0.049585
5417,uzb,2004,0.007482
5417,uzb,2005,0.001352
5417,uzb,2006,0.001091
5417,uzb,2007,0.003534
5417,uzb,2008,0.005184
5417,uzb,2009,0.005823
5417,uzb,2010,0.009457
5417,uzb,2011,0.012445
5417,uzb,2012,0.016261
5417,uzb,2013,0.015475
5417,uzb,2014,0.0145
5417,uzb,2015,0.008237
5417,uzb,2016,0.010487
5417,cze,1993,0.675248
5417,cze,1994,0.650641
5417,cze,1995,0.543123
5417,cze,1996,0.582897
5417,cze,1997,0.533308
5417,cze,1998,0.338391
5417,cze,1999,0.309437
5417,cze,2000,0.303486
5417,cze,2001,0.255265
5417,cze,2002,0.147755
5417,cze,2003,0.159953
5417,cze,2004,0.182634
5417,cze,2005,0.240202
5417,cze,2006,0.279821
5417,cze,2007,0.291977
5417,cze,2008,0.314738
5417,cze,2009,0.307901
5417,cze,2010,0.359076
5417,cze,2011,0.362926
5417,cze,2012,0.349637
5417,cze,2013,0.391298
5417,cze,2014,0.550175
5417,cze,2015,0.47967
5417,cze,2016,0.476204
5417,eri,1993,0
5417,eri,1994,0
5417,eri,1995,0
5417,eri,1996,0
5417,eri,1997,0.470924
5417,eri,1998,0.394288
5417,eri,1999,0.169512
5417,eri,2000,0.139542
5417,eri,2001,0.010457
5417,eri,2002,0.424972
5417,eri,2003,1.119713
5417,eri,2004,0.552726
5417,eri,2005,0.006528
5417,eri,2006,4.660419
5417,eri,2007,0.022204
5417,eri,2008,0.024428
5417,eri,2009,0.265794
5417,eri,2010,0.208541
5417,eri,2011,0.025531
5417,eri,2012,0.013654
5417,eri,2013,0.001071
5417,eri,2014,0.009645
5417,eri,2015,0.003061
5417,eri,2016,0.021991
5417,mkd,1993,1.939353
5417,mkd,1994,1.566937
5417,mkd,1995,1.549826
5417,mkd,1996,1.175101
5417,mkd,1997,1.109757
5417,mkd,1998,0.897336
5417,mkd,1999,0.948397
5417,mkd,2000,1.061678
5417,mkd,2001,1.076097
5417,mkd,2002,0.936063
5417,mkd,2003,1.021453
5417,mkd,2004,0.792787
5417,mkd,2005,0.885937
5417,mkd,2006,0.691811
5417,mkd,2007,0.595242
5417,mkd,2008,0.822707
5417,mkd,2009,0.480884
5417,mkd,2010,0.799587
5417,mkd,2011,0.715813
5417,mkd,2012,0.840419
5417,mkd,2013,0.772546
5417,mkd,2014,0.65063
5417,mkd,2015,0.551163
5417,mkd,2016,0.52275
5417,svk,1993,1.639244
5417,svk,1994,1.237384
5417,svk,1995,1.21415
5417,svk,1996,1.242017
5417,svk,1997,0.988896
5417,svk,1998,0.63927
5417,svk,1999,0.592737
5417,svk,2000,0.477639
5417,svk,2001,0.371251
5417,svk,2002,0.209624
5417,svk,2003,0.196526
5417,svk,2004,0.235801
5417,svk,2005,0.28068
5417,svk,2006,0.235886
5417,svk,2007,0.222181
5417,svk,2008,0.241129
5417,svk,2009,0.225687
5417,svk,2010,0.261519
5417,svk,2011,0.28945
5417,svk,2012,0.26027
5417,svk,2013,0.2889
5417,svk,2014,0.301074
5417,svk,2015,0.279878
5417,svk,2016,0.267661
5417,lux,1999,0.621759
5417,lux,2000,1.997238
5417,lux,2001,2.037913
5417,lux,2002,2.746614
5417,lux,2003,1.397016
5417,lux,2004,1.106687
5417,lux,2005,0.643089
5417,lux,2006,0.498925
5417,lux,2007,0.481516
5417,lux,2008,0.67507
5417,lux,2009,0.709898
5417,lux,2010,0.481619
5417,lux,2011,0.323296
5417,lux,2012,0.364783
5417,lux,2013,0.476202
5417,lux,2014,0.564296
5417,lux,2015,0.335912
5417,lux,2016,0.482484
5417,asm,2000,0
5417,asm,2001,0
5417,asm,2002,0.047439
5417,asm,2003,0.002426
5417,asm,2004,0.01139
5417,asm,2005,0.319457
5417,asm,2006,0.012723
5417,asm,2007,11.271172
5417,asm,2008,0.267851
5417,asm,2009,0.199069
5417,asm,2010,0.174726
5417,asm,2011,12.323405
5417,asm,2012,0.008855
5417,asm,2013,13.744846
5417,asm,2014,0.037343
5417,asm,2015,0.524438
5417,asm,2016,0.018601
5417,ata,2000,0
5417,ata,2001,0
5417,ata,2002,0.019704
5417,ata,2003,0
5417,ata,2004,0
5417,ata,2005,0
5417,ata,2006,3.734838
5417,ata,2007,1.395195
5417,ata,2008,1.049475
5417,ata,2009,0.508333
5417,ata,2010,0.314882
5417,ata,2011,0
5417,ata,2012,0
5417,ata,2013,0
5417,ata,2014,0.014402
5417,ata,2015,0
5417,ata,2016,0
5417,bvt,2000,0
5417,bvt,2001,0
5417,bvt,2002,0
5417,bvt,2003,0
5417,bvt,2004,0
5417,bvt,2005,0
5417,bvt,2006,0.013823
5417,bvt,2007,1.360212
5417,bvt,2008,0.204371
5417,bvt,2009,0
5417,bvt,2010,0.032883
5417,bvt,2011,0.191454
5417,bvt,2012,0.07229
5417,bvt,2013,0.011464
5417,bvt,2014,0.253594
5417,bvt,2015,0.685131
5417,bvt,2016,0
5417,bwa,2000,0.023382
5417,bwa,2001,0.013199
5417,bwa,2002,0.019989
5417,bwa,2003,0.002692
5417,bwa,2004,0.001943
5417,bwa,2005,0.002496
5417,bwa,2006,0.010139
5417,bwa,2007,0.018588
5417,bwa,2008,0.152677
5417,bwa,2009,0.138689
5417,bwa,2010,0.02361
5417,bwa,2011,0.015006
5417,bwa,2012,0.022443
5417,bwa,2013,0.005856
5417,bwa,2014,0.004353
5417,bwa,2015,0.005182
5417,bwa,2016,0.015194
5417,gum,2000,0.000465
5417,gum,2001,0.006113
5417,gum,2002,0.000471
5417,gum,2003,1.281088
5417,gum,2004,0
5417,gum,2005,0.642359
5417,gum,2006,1.98358
5417,gum,2007,0.384767
5417,gum,2008,0.244941
5417,gum,2009,0.294418
5417,gum,2010,0.376204
5417,gum,2011,2.129115
5417,gum,2012,0.080152
5417,gum,2013,0
5417,gum,2014,1.24214
5417,gum,2015,0.380211
5417,gum,2016,2.026731
5417,hmd,2000,0
5417,hmd,2001,0
5417,hmd,2002,0
5417,hmd,2003,0
5417,hmd,2004,0.044407
5417,hmd,2005,0
5417,hmd,2006,0
5417,hmd,2007,2.559272
5417,hmd,2008,0
5417,hmd,2009,0.179238
5417,hmd,2010,0
5417,hmd,2011,0
5417,hmd,2012,13.406723
5417,hmd,2013,0
5417,hmd,2014,0
5417,hmd,2015,0
5417,hmd,2016,0
5417,lso,2000,0.002151
5417,lso,2001,0.026256
5417,lso,2002,0.009895
5417,lso,2003,0.008865
5417,lso,2004,0.000731
5417,lso,2005,0.008518
5417,lso,2006,0.022299
5417,lso,2007,0.328761
5417,lso,2008,0.000022
5417,lso,2009,0.004686
5417,lso,2010,0.005792
5417,lso,2011,0.022276
5417,lso,2012,0.021365
5417,lso,2013,0.004723
5417,lso,2014,0.00341
5417,lso,2015,0.003236
5417,lso,2016,0.002361
5417,myt,2000,0
5417,myt,2001,0.018199
5417,myt,2002,0.035051
5417,myt,2003,0.289698
5417,myt,2004,0.165738
5417,myt,2005,1.765982
5417,myt,2006,0.015505
5417,myt,2007,0.069493
5417,myt,2008,0.045415
5417,myt,2009,0.002574
5417,myt,2010,0.002959
5417,myt,2011,0.000862
5417,myt,2012,0.006174
5417,myt,2013,0
5417,nam,2000,0.074062
5417,nam,2001,0.388704
5417,nam,2002,0.032407
5417,nam,2003,0.020896
5417,nam,2004,0.03433
5417,nam,2005,0.016522
5417,nam,2006,0.013198
5417,nam,2007,0.020251
5417,nam,2008,0.012336
5417,nam,2009,0.012229
5417,nam,2010,0.013585
5417,nam,2011,0.006319
5417,nam,2012,0.007478
5417,nam,2013,0.004202
5417,nam,2014,0.003564
5417,nam,2015,0.008792
5417,nam,2016,0.012988
5417,pse,2000,0.614681
5417,pse,2001,0.722035
5417,pse,2002,1.307939
5417,pse,2003,1.440361
5417,pse,2004,1.879704
5417,pse,2005,1.546981
5417,pse,2006,3.706611
5417,pse,2007,0.981446
5417,pse,2008,1.141457
5417,pse,2009,1.097886
5417,pse,2010,3.223752
5417,pse,2011,1.016237
5417,pse,2012,0.831545
5417,pse,2013,0.637404
5417,pse,2014,0.541548
5417,pse,2015,0.607133
5417,pse,2016,0.695546
5417,sgs,2000,0
5417,sgs,2001,0
5417,sgs,2002,2.289187
5417,sgs,2003,3.403454
5417,sgs,2004,0
5417,sgs,2005,0
5417,sgs,2006,0
5417,sgs,2007,0
5417,sgs,2008,0
5417,sgs,2009,0
5417,sgs,2010,0.030306
5417,sgs,2011,0
5417,sgs,2012,0.116163
5417,sgs,2013,3.690336
5417,sgs,2014,0
5417,sgs,2015,0
5417,sgs,2016,0
5417,smr,2000,12.885117
5417,smr,2001,5.903028
5417,smr,2002,6.116983
5417,smr,2003,2.057313
5417,smr,2004,1.961457
5417,smr,2005,2.589319
5417,smr,2006,8.084555
5417,smr,2007,2.931551
5417,smr,2008,3.545185
5417,smr,2009,3.568055
5417,smr,2010,2.684429
5417,smr,2011,2.387855
5417,smr,2012,5.514408
5417,smr,2013,5.659095
5417,smr,2014,4.323398
5417,smr,2015,4.095925
5417,smr,2016,2.871558
5417,swz,2000,0.288638
5417,swz,2001,0.336558
5417,swz,2002,0.285341
5417,swz,2003,0.123197
5417,swz,2004,0.13351
5417,swz,2005,0.216677
5417,swz,2006,0.200832
5417,swz,2007,0.414692
5417,swz,2008,0.326068
5417,swz,2009,1.293257
5417,swz,2010,0.189749
5417,swz,2011,0.179758
5417,swz,2012,0.348872
5417,swz,2013,0.651423
5417,swz,2014,0.192445
5417,swz,2015,0.566471
5417,swz,2016,0.236266
5417,vat,2000,0.559362
5417,vat,2001,0.547358
5417,vat,2002,0
5417,vat,2003,0
5417,vat,2004,0
5417,vat,2005,0
5417,vat,2006,0.162589
5417,vat,2007,0.006792
5417,vat,2008,0
5417,vat,2009,0.001274
5417,vat,2010,0
5417,vat,2011,0
5417,vat,2012,0
5417,vat,2013,0
5417,vat,2014,0
5417,vat,2015,0
5417,vat,2016,0.209648
5417,srb,2006,0.87882
5417,srb,2007,0.710981
5417,srb,2008,0.864371
5417,srb,2009,0.716133
5417,srb,2010,0.786295
5417,srb,2011,0.793099
5417,srb,2012,1.012292
5417,srb,2013,0.778396
5417,srb,2014,0.73471
5417,srb,2015,0.607305
5417,srb,2016,0.559072
5417,mne,2006,0.700435
5417,mne,2007,0.683743
5417,mne,2008,0.823719
5417,mne,2009,1.017089
5417,mne,2010,0.864394
5417,mne,2011,0.946797
5417,mne,2012,1.00501
5417,mne,2013,0.744416
5417,mne,2014,0.623164
5417,mne,2015,0.856012
5417,mne,2016,1.279324
5417,bes,2011,0
5417,bes,2012,26.520176
5417,bes,2013,0.011005
5417,bes,2014,0
5417,bes,2015,0.038887
5417,bes,2016,29.077822
5417,cuw,2011,0.175798
5417,cuw,2012,0.072408
5417,cuw,2013,0.103805
5417,cuw,2014,0.092691
5417,cuw,2015,0.094923
5417,cuw,2016,0.134508
5417,sxm,2011,0.012531
5417,sxm,2012,0
5417,sxm,2013,0.037695
5417,sxm,2014,0.014499
5417,sxm,2015,0.015828
5417,sxm,2016,0
5417,ssd,2012,0.000009
5417,ssd,2013,0.015698
5417,ssd,2014,0.000166
5417,ssd,2015,0
5417,ssd,2016,0
5417,blm,2013,0
5417,blm,2014,0
5417,blm,2015,0.000685
5417,blm,2016,0.00651
5417,pcz,1962,11.466882
5417,pcz,1963,18.202976
5417,pcz,1964,30.441969
5417,pcz,1965,10.309897
5417,pcz,1966,8.505531
5417,pcz,1967,4.154993
5417,pcz,1968,4.444361
5417,pcz,1969,9.048612
5417,pcz,1970,4.939984
5417,pcz,1971,6.438712
5417,pcz,1972,9.06894
5417,pcz,1973,9.355262
5417,pcz,1974,1.879697
5417,pcz,1975,3.923582
5417,pcz,1976,18.3786
5417,pcz,1977,14.985048
5417,vdr,1962,0
5417,vdr,1963,0
5417,vdr,1964,0
5417,vdr,1965,0
5417,vdr,1966,0
5417,vdr,1967,0
5417,vdr,1968,0.047304
5417,vdr,1969,0
5417,vdr,1970,0.072656
5417,vdr,1971,0
5417,vdr,1972,0
5417,vdr,1973,0
5417,vdr,1974,0.877359
5417,vir,1963,0
5417,vir,1964,0
5417,vir,1966,0
5417,vir,1969,0
5417,vir,1970,0.061754
5417,vir,1971,0
5417,vir,1972,0
5417,vir,1973,0.019762
5417,vir,1974,0.124626
5417,vir,1975,0
5417,vir,1976,0
5417,vir,1977,0.029603
5417,vir,1978,0
5417,vir,1979,0
5417,vir,1980,0
