product_code_hs,location,year,distance
5502,abw,1995,0.990007
5502,abw,1996,0.995433
5502,abw,1997,0.992585
5502,abw,1998,0.987945
5502,abw,1999,0.989552
5502,abw,2000,0.988996
5502,abw,2001,0.991795
5502,abw,2002,0.98966
5502,abw,2003,0.989544
5502,abw,2004,0.992643
5502,abw,2005,0.992181
5502,abw,2006,0.994243
5502,abw,2007,0.991103
5502,abw,2008,0.992523
5502,abw,2009,0.983651
5502,abw,2010,0.931157
5502,abw,2011,0.992312
5502,abw,2012,0.987442
5502,abw,2013,0.976936
5502,abw,2014,0.98576
5502,abw,2015,0.941237
5502,abw,2016,0.971143
5502,afg,1995,0.965801
5502,afg,1996,0.966752
5502,afg,1997,0.954422
5502,afg,1998,0.968195
5502,afg,1999,0.954712
5502,afg,2000,0.955182
5502,afg,2001,0.943485
5502,afg,2002,0.953948
5502,afg,2003,0.954388
5502,afg,2004,0.963145
5502,afg,2005,0.941598
5502,afg,2006,0.961758
5502,afg,2007,0.960866
5502,afg,2008,0.935731
5502,afg,2009,0.873734
5502,afg,2010,0.927484
5502,afg,2011,0.953689
5502,afg,2012,0.954476
5502,afg,2013,0.958618
5502,afg,2014,0.961996
5502,afg,2015,0.970327
5502,afg,2016,0.974345
5502,ago,1995,0.997723
5502,ago,1996,0.997862
5502,ago,1997,0.996552
5502,ago,1998,0.997533
5502,ago,1999,0.997398
5502,ago,2000,0.998411
5502,ago,2001,0.997652
5502,ago,2002,0.997826
5502,ago,2003,0.998977
5502,ago,2004,0.995703
5502,ago,2005,0.998791
5502,ago,2006,0.998363
5502,ago,2007,0.997841
5502,ago,2008,0.998078
5502,ago,2009,0.995522
5502,ago,2010,0.995478
5502,ago,2011,0.996726
5502,ago,2012,0.996588
5502,ago,2013,0.995267
5502,ago,2014,0.997836
5502,ago,2015,0.996708
5502,ago,2016,0.995276
5502,aia,1995,0.952104
5502,aia,1996,0.955341
5502,aia,1997,0.92701
5502,aia,1998,0.945438
5502,aia,1999,0.958167
5502,aia,2000,0.938216
5502,aia,2001,0.908988
5502,aia,2002,0.937573
5502,aia,2003,0.956644
5502,aia,2004,0.929526
5502,aia,2005,0.951092
5502,aia,2006,0.964101
5502,aia,2007,0.949496
5502,aia,2008,0.925407
5502,aia,2009,0.9278
5502,aia,2010,0.923651
5502,aia,2011,0.929668
5502,aia,2012,0.935991
5502,aia,2013,0.937141
5502,aia,2014,0.97104
5502,aia,2015,0.928834
5502,aia,2016,0.95449
5502,alb,1995,0.937934
5502,alb,1996,0.907626
5502,alb,1997,0.933308
5502,alb,1998,0.916404
5502,alb,1999,0.900796
5502,alb,2000,0.917725
5502,alb,2001,0.915939
5502,alb,2002,0.919717
5502,alb,2003,0.909165
5502,alb,2004,0.909584
5502,alb,2005,0.916155
5502,alb,2006,0.928597
5502,alb,2007,0.928948
5502,alb,2008,0.929883
5502,alb,2009,0.934178
5502,alb,2010,0.94145
5502,alb,2011,0.933286
5502,alb,2012,0.920585
5502,alb,2013,0.933501
5502,alb,2014,0.944962
5502,alb,2015,0.943001
5502,alb,2016,0.946786
5502,and,1995,0.916003
5502,and,1996,0.909878
5502,and,1997,0.894596
5502,and,1998,0.892334
5502,and,1999,0.875603
5502,and,2000,0.868997
5502,and,2001,0.845285
5502,and,2002,0.862894
5502,and,2003,0.886321
5502,and,2004,0.871888
5502,and,2005,0.894938
5502,and,2006,0.906322
5502,and,2007,0.868193
5502,and,2008,0.870475
5502,and,2009,0.871422
5502,and,2010,0.880045
5502,and,2011,0.918251
5502,and,2012,0.912407
5502,and,2013,0.963352
5502,and,2014,0.924459
5502,and,2015,0.923567
5502,and,2016,0.927584
5502,ant,1995,0.97017
5502,ant,1996,0.97667
5502,ant,1997,0.963126
5502,ant,1998,0.948576
5502,ant,1999,0.962064
5502,ant,2000,0.962671
5502,ant,2001,0.971345
5502,ant,2002,0.962841
5502,ant,2003,0.971183
5502,ant,2004,0.954669
5502,ant,2005,0.986793
5502,ant,2006,0.972768
5502,ant,2007,0.968403
5502,ant,2008,0.973193
5502,ant,2009,0.96979
5502,ant,2010,0.965501
5502,are,1995,0.945539
5502,are,1996,0.946829
5502,are,1997,0.955497
5502,are,1998,0.938874
5502,are,1999,0.919052
5502,are,2000,0.940563
5502,are,2001,0.938738
5502,are,2002,0.930087
5502,are,2003,0.952056
5502,are,2004,0.917596
5502,are,2005,0.940069
5502,are,2006,0.955766
5502,are,2007,0.946934
5502,are,2008,0.955667
5502,are,2009,0.948835
5502,are,2010,0.917755
5502,are,2011,0.9438
5502,are,2012,0.950535
5502,are,2013,0.931446
5502,are,2014,0.933635
5502,are,2015,0.911652
5502,are,2016,0.919604
5502,arg,1995,0.87157
5502,arg,1996,0.882199
5502,arg,1997,0.876346
5502,arg,1998,0.866748
5502,arg,1999,0.85346
5502,arg,2000,0.854589
5502,arg,2001,0.876018
5502,arg,2002,0.852397
5502,arg,2003,0.866841
5502,arg,2004,0.865108
5502,arg,2005,0.862833
5502,arg,2006,0.848531
5502,arg,2007,0.865174
5502,arg,2008,0.870739
5502,arg,2009,0.847984
5502,arg,2010,0.850786
5502,arg,2011,0.870742
5502,arg,2012,0.862007
5502,arg,2013,0.86437
5502,arg,2014,0.865739
5502,arg,2015,0.879296
5502,arg,2016,0.904325
5502,arm,1995,0.966855
5502,arm,1996,0.9435
5502,arm,1997,0.888376
5502,arm,1998,0.92006
5502,arm,1999,0.923009
5502,arm,2000,0.915236
5502,arm,2001,0.885908
5502,arm,2002,0.932459
5502,arm,2003,0.943042
5502,arm,2004,0.928839
5502,arm,2005,0.935295
5502,arm,2006,0.940624
5502,arm,2007,0.910367
5502,arm,2008,0.909663
5502,arm,2009,0.928133
5502,arm,2010,0.93573
5502,arm,2011,0.916117
5502,arm,2012,0.907187
5502,arm,2013,0.94117
5502,arm,2014,0.94116
5502,arm,2015,0.940433
5502,arm,2016,0.954453
5502,atf,1995,0.998535
5502,atf,1996,0.99533
5502,atf,1997,0.995854
5502,atf,1998,0.996077
5502,atf,1999,0.990971
5502,atf,2000,0.991445
5502,atf,2001,0.979951
5502,atf,2002,0.975903
5502,atf,2003,0.973281
5502,atf,2004,0.97302
5502,atf,2005,0.990056
5502,atf,2006,0.974495
5502,atf,2007,0.970416
5502,atf,2008,0.976923
5502,atf,2009,0.979222
5502,atf,2010,0.979751
5502,atf,2011,0.970989
5502,atf,2012,0.97703
5502,atf,2013,0.983314
5502,atf,2014,0.984146
5502,atf,2015,0.970018
5502,atf,2016,0.979925
5502,atg,1995,0.960373
5502,atg,1996,0.945211
5502,atg,1997,0.957676
5502,atg,1998,0.943848
5502,atg,1999,0.932901
5502,atg,2000,0.970414
5502,atg,2001,0.973302
5502,atg,2002,0.967827
5502,atg,2003,0.972898
5502,atg,2004,0.974255
5502,atg,2005,0.976807
5502,atg,2006,0.980368
5502,atg,2007,0.942444
5502,atg,2008,0.973278
5502,atg,2009,0.952317
5502,atg,2010,0.965579
5502,atg,2011,0.97157
5502,atg,2012,0.81357
5502,atg,2013,0.968329
5502,atg,2014,0.970168
5502,atg,2015,0.97034
5502,atg,2016,0.975696
5502,aus,1995,0.849155
5502,aus,1996,0.853584
5502,aus,1997,0.864104
5502,aus,1998,0.845027
5502,aus,1999,0.848677
5502,aus,2000,0.849942
5502,aus,2001,0.845023
5502,aus,2002,0.834929
5502,aus,2003,0.833958
5502,aus,2004,0.844484
5502,aus,2005,0.880418
5502,aus,2006,0.881415
5502,aus,2007,0.878169
5502,aus,2008,0.90422
5502,aus,2009,0.89423
5502,aus,2010,0.903555
5502,aus,2011,0.914992
5502,aus,2012,0.902916
5502,aus,2013,0.915564
5502,aus,2014,0.915298
5502,aus,2015,0.91392
5502,aus,2016,0.921662
5502,aut,1995,0.620578
5502,aut,1996,0.641805
5502,aut,1997,0.624671
5502,aut,1998,0.628542
5502,aut,1999,0.641802
5502,aut,2000,0.648349
5502,aut,2001,0.651909
5502,aut,2002,0.659402
5502,aut,2003,0.648117
5502,aut,2004,0.638421
5502,aut,2005,0.626274
5502,aut,2006,0.641394
5502,aut,2007,0.652586
5502,aut,2008,0.634751
5502,aut,2009,0.634881
5502,aut,2010,0.639466
5502,aut,2011,0.630695
5502,aut,2012,0.615267
5502,aut,2013,0.630657
5502,aut,2014,0.627014
5502,aut,2015,0.618728
5502,aut,2016,0.681069
5502,aze,1995,0.961129
5502,aze,1996,0.930132
5502,aze,1997,0.933093
5502,aze,1998,0.929943
5502,aze,1999,0.957667
5502,aze,2000,0.957489
5502,aze,2001,0.971285
5502,aze,2002,0.968213
5502,aze,2003,0.97159
5502,aze,2004,0.966538
5502,aze,2005,0.969082
5502,aze,2006,0.980814
5502,aze,2007,0.989213
5502,aze,2008,0.987566
5502,aze,2009,0.987838
5502,aze,2010,0.989442
5502,aze,2011,0.988324
5502,aze,2012,0.986083
5502,aze,2013,0.985965
5502,aze,2014,0.987818
5502,aze,2015,0.987843
5502,aze,2016,0.982674
5502,bdi,1995,0.987685
5502,bdi,1996,0.980098
5502,bdi,1997,0.991225
5502,bdi,1998,0.987024
5502,bdi,1999,0.991681
5502,bdi,2000,0.986712
5502,bdi,2001,0.970015
5502,bdi,2002,0.965232
5502,bdi,2003,0.9841
5502,bdi,2004,0.983913
5502,bdi,2005,0.984846
5502,bdi,2006,0.970583
5502,bdi,2007,0.971206
5502,bdi,2008,0.962935
5502,bdi,2009,0.975483
5502,bdi,2010,0.973088
5502,bdi,2011,0.97933
5502,bdi,2012,0.966872
5502,bdi,2013,0.978584
5502,bdi,2014,0.954295
5502,bdi,2015,0.970114
5502,bdi,2016,0.975945
5502,bel,1995,0.557389
5502,bel,1996,0.555039
5502,bel,1997,0.544709
5502,bel,1998,0.523045
5502,bel,1999,0.531527
5502,bel,2000,0.528205
5502,bel,2001,0.643747
5502,bel,2002,0.569181
5502,bel,2003,0.548239
5502,bel,2004,0.540786
5502,bel,2005,0.547764
5502,bel,2006,0.550789
5502,bel,2007,0.542525
5502,bel,2008,0.527871
5502,bel,2009,0.526383
5502,bel,2010,0.53556
5502,bel,2011,0.538199
5502,bel,2012,0.538949
5502,bel,2013,0.550287
5502,bel,2014,0.556569
5502,bel,2015,0.540147
5502,bel,2016,0.55786
5502,ben,1995,0.983868
5502,ben,1996,0.975711
5502,ben,1997,0.987513
5502,ben,1998,0.973371
5502,ben,1999,0.971054
5502,ben,2000,0.971793
5502,ben,2001,0.97844
5502,ben,2002,0.966078
5502,ben,2003,0.974709
5502,ben,2004,0.981849
5502,ben,2005,0.977401
5502,ben,2006,0.9749
5502,ben,2007,0.970054
5502,ben,2008,0.978327
5502,ben,2009,0.963495
5502,ben,2010,0.981981
5502,ben,2011,0.971845
5502,ben,2012,0.977629
5502,ben,2013,0.964585
5502,ben,2014,0.982282
5502,ben,2015,0.965552
5502,ben,2016,0.969697
5502,bfa,1995,0.977131
5502,bfa,1996,0.976597
5502,bfa,1997,0.977045
5502,bfa,1998,0.980172
5502,bfa,1999,0.971011
5502,bfa,2000,0.934376
5502,bfa,2001,0.919743
5502,bfa,2002,0.912069
5502,bfa,2003,0.964306
5502,bfa,2004,0.972903
5502,bfa,2005,0.97776
5502,bfa,2006,0.965221
5502,bfa,2007,0.960286
5502,bfa,2008,0.972815
5502,bfa,2009,0.970071
5502,bfa,2010,0.944025
5502,bfa,2011,0.976845
5502,bfa,2012,0.980314
5502,bfa,2013,0.977824
5502,bfa,2014,0.979929
5502,bfa,2015,0.98536
5502,bfa,2016,0.988123
5502,bgd,1995,0.965369
5502,bgd,1996,0.96734
5502,bgd,1997,0.975957
5502,bgd,1998,0.968693
5502,bgd,1999,0.974147
5502,bgd,2000,0.977221
5502,bgd,2001,0.975044
5502,bgd,2002,0.975378
5502,bgd,2003,0.977061
5502,bgd,2004,0.973603
5502,bgd,2005,0.970841
5502,bgd,2006,0.970365
5502,bgd,2007,0.964801
5502,bgd,2008,0.969314
5502,bgd,2009,0.966988
5502,bgd,2010,0.964574
5502,bgd,2011,0.964956
5502,bgd,2012,0.96275
5502,bgd,2013,0.965689
5502,bgd,2014,0.971074
5502,bgd,2015,0.974454
5502,bgd,2016,0.981351
5502,bgr,1995,0.827172
5502,bgr,1996,0.800505
5502,bgr,1997,0.830169
5502,bgr,1998,0.80662
5502,bgr,1999,0.787913
5502,bgr,2000,0.821064
5502,bgr,2001,0.807023
5502,bgr,2002,0.81449
5502,bgr,2003,0.821518
5502,bgr,2004,0.827966
5502,bgr,2005,0.835563
5502,bgr,2006,0.824318
5502,bgr,2007,0.833364
5502,bgr,2008,0.825673
5502,bgr,2009,0.81646
5502,bgr,2010,0.826179
5502,bgr,2011,0.821617
5502,bgr,2012,0.807943
5502,bgr,2013,0.809587
5502,bgr,2014,0.795251
5502,bgr,2015,0.807609
5502,bgr,2016,0.8313
5502,bhr,1995,0.96201
5502,bhr,1996,0.96084
5502,bhr,1997,0.970491
5502,bhr,1998,0.960823
5502,bhr,1999,0.961252
5502,bhr,2000,0.961897
5502,bhr,2001,0.958653
5502,bhr,2002,0.957718
5502,bhr,2003,0.967275
5502,bhr,2004,0.965175
5502,bhr,2005,0.955961
5502,bhr,2006,0.949709
5502,bhr,2007,0.944237
5502,bhr,2008,0.944403
5502,bhr,2009,0.94877
5502,bhr,2010,0.952836
5502,bhr,2011,0.957484
5502,bhr,2012,0.959556
5502,bhr,2013,0.952821
5502,bhr,2014,0.960807
5502,bhr,2015,0.951571
5502,bhr,2016,0.942967
5502,bhs,1995,0.9578
5502,bhs,1996,0.964692
5502,bhs,1997,0.974592
5502,bhs,1998,0.955122
5502,bhs,1999,0.959221
5502,bhs,2000,0.951901
5502,bhs,2001,0.938849
5502,bhs,2002,0.968657
5502,bhs,2003,0.971652
5502,bhs,2004,0.979775
5502,bhs,2005,0.982153
5502,bhs,2006,0.981512
5502,bhs,2007,0.972013
5502,bhs,2008,0.974732
5502,bhs,2009,0.978331
5502,bhs,2010,0.981709
5502,bhs,2011,0.977254
5502,bhs,2012,0.963563
5502,bhs,2013,0.966056
5502,bhs,2014,0.972947
5502,bhs,2015,0.983038
5502,bhs,2016,0.977157
5502,bih,1995,0.902941
5502,bih,1996,0.853448
5502,bih,1997,0.903234
5502,bih,1998,0.901266
5502,bih,1999,0.847096
5502,bih,2000,0.888689
5502,bih,2001,0.883988
5502,bih,2002,0.887191
5502,bih,2003,0.900704
5502,bih,2004,0.882977
5502,bih,2005,0.895671
5502,bih,2006,0.886798
5502,bih,2007,0.885798
5502,bih,2008,0.869162
5502,bih,2009,0.856668
5502,bih,2010,0.863596
5502,bih,2011,0.882684
5502,bih,2012,0.864726
5502,bih,2013,0.866783
5502,bih,2014,0.86698
5502,bih,2015,0.865426
5502,bih,2016,0.892889
5502,blr,1995,0.835911
5502,blr,1996,0.849688
5502,blr,1997,0.924485
5502,blr,1998,0.842256
5502,blr,1999,0.837382
5502,blr,2000,0.869797
5502,blr,2001,0.858528
5502,blr,2002,0.85273
5502,blr,2003,0.854813
5502,blr,2004,0.869759
5502,blr,2005,0.886475
5502,blr,2006,0.889339
5502,blr,2007,0.880993
5502,blr,2008,0.883746
5502,blr,2009,0.858328
5502,blr,2010,0.863844
5502,blr,2011,0.904798
5502,blr,2012,0.86376
5502,blr,2013,0.816386
5502,blr,2014,0.848264
5502,blr,2015,0.877964
5502,blr,2016,0.860429
5502,blz,1995,0.966904
5502,blz,1996,0.971842
5502,blz,1997,0.973175
5502,blz,1998,0.962495
5502,blz,1999,0.975159
5502,blz,2000,0.966349
5502,blz,2001,0.965674
5502,blz,2002,0.959614
5502,blz,2003,0.969945
5502,blz,2004,0.959645
5502,blz,2005,0.975677
5502,blz,2006,0.970287
5502,blz,2007,0.957924
5502,blz,2008,0.974038
5502,blz,2009,0.9751
5502,blz,2010,0.964727
5502,blz,2011,0.957602
5502,blz,2012,0.953248
5502,blz,2013,0.945744
5502,blz,2014,0.947885
5502,blz,2015,0.956258
5502,blz,2016,0.962325
5502,bmu,1995,0.972933
5502,bmu,1996,0.980333
5502,bmu,1997,0.974673
5502,bmu,1998,0.968314
5502,bmu,1999,0.961613
5502,bmu,2000,0.962214
5502,bmu,2001,0.972269
5502,bmu,2002,0.966142
5502,bmu,2003,0.976613
5502,bmu,2004,0.962045
5502,bmu,2005,0.985058
5502,bmu,2006,0.980284
5502,bmu,2007,0.974129
5502,bmu,2008,0.988292
5502,bmu,2009,0.971345
5502,bmu,2010,0.989453
5502,bmu,2011,0.982995
5502,bmu,2012,0.975061
5502,bmu,2013,0.985016
5502,bmu,2014,0.978033
5502,bmu,2015,0.976154
5502,bmu,2016,0.982244
5502,bol,1995,0.950058
5502,bol,1996,0.955619
5502,bol,1997,0.961889
5502,bol,1998,0.948359
5502,bol,1999,0.941363
5502,bol,2000,0.950377
5502,bol,2001,0.95615
5502,bol,2002,0.953703
5502,bol,2003,0.949585
5502,bol,2004,0.960589
5502,bol,2005,0.957291
5502,bol,2006,0.953371
5502,bol,2007,0.960785
5502,bol,2008,0.958482
5502,bol,2009,0.951555
5502,bol,2010,0.953168
5502,bol,2011,0.961664
5502,bol,2012,0.948829
5502,bol,2013,0.958419
5502,bol,2014,0.962437
5502,bol,2015,0.961468
5502,bol,2016,0.967311
5502,bra,1995,0.828375
5502,bra,1996,0.820543
5502,bra,1997,0.83117
5502,bra,1998,0.774428
5502,bra,1999,0.760972
5502,bra,2000,0.758072
5502,bra,2001,0.842416
5502,bra,2002,0.767397
5502,bra,2003,0.762269
5502,bra,2004,0.828863
5502,bra,2005,0.838426
5502,bra,2006,0.763808
5502,bra,2007,0.763743
5502,bra,2008,0.802941
5502,bra,2009,0.792847
5502,bra,2010,0.81203
5502,bra,2011,0.884392
5502,bra,2012,0.875276
5502,bra,2013,0.83902
5502,bra,2014,0.83219
5502,bra,2015,0.862189
5502,bra,2016,0.879744
5502,brb,1995,0.892967
5502,brb,1996,0.919291
5502,brb,1997,0.904852
5502,brb,1998,0.891408
5502,brb,1999,0.895534
5502,brb,2000,0.9124
5502,brb,2001,0.913565
5502,brb,2002,0.933594
5502,brb,2003,0.928889
5502,brb,2004,0.930064
5502,brb,2005,0.886175
5502,brb,2006,0.864123
5502,brb,2007,0.860156
5502,brb,2008,0.850421
5502,brb,2009,0.852164
5502,brb,2010,0.890228
5502,brb,2011,0.89516
5502,brb,2012,0.873708
5502,brb,2013,0.92962
5502,brb,2014,0.952952
5502,brb,2015,0.923879
5502,brb,2016,0.935075
5502,brn,1995,0.9949
5502,brn,1996,0.991002
5502,brn,1997,0.992822
5502,brn,1998,0.984003
5502,brn,1999,0.995261
5502,brn,2000,0.996507
5502,brn,2001,0.99479
5502,brn,2002,0.99691
5502,brn,2003,0.994477
5502,brn,2004,0.990997
5502,brn,2005,0.998227
5502,brn,2006,0.996598
5502,brn,2007,0.994223
5502,brn,2008,0.998452
5502,brn,2009,0.996327
5502,brn,2010,0.996284
5502,brn,2011,0.99914
5502,brn,2012,0.998512
5502,brn,2013,0.996916
5502,brn,2014,0.996395
5502,brn,2015,0.993856
5502,brn,2016,0.994141
5502,btn,1995,0.968466
5502,btn,1996,0.977623
5502,btn,1997,0.968787
5502,btn,1998,0.962897
5502,btn,1999,0.964675
5502,btn,2000,0.950344
5502,btn,2001,0.947284
5502,btn,2002,0.942517
5502,btn,2003,0.927762
5502,btn,2004,0.959453
5502,btn,2005,0.969261
5502,btn,2006,0.979252
5502,btn,2007,0.979528
5502,btn,2008,0.980811
5502,btn,2009,0.981145
5502,btn,2010,0.973612
5502,btn,2011,0.953122
5502,btn,2012,0.979352
5502,btn,2013,0.983761
5502,btn,2014,0.979456
5502,btn,2015,0.984235
5502,btn,2016,0.984382
5502,caf,1995,0.982086
5502,caf,1996,0.990263
5502,caf,1997,0.991313
5502,caf,1998,0.985358
5502,caf,1999,0.988225
5502,caf,2000,0.988022
5502,caf,2001,0.990069
5502,caf,2002,0.976133
5502,caf,2003,0.985959
5502,caf,2004,0.979538
5502,caf,2005,0.973976
5502,caf,2006,0.977899
5502,caf,2007,0.976168
5502,caf,2008,0.97886
5502,caf,2009,0.972643
5502,caf,2010,0.976115
5502,caf,2011,0.984103
5502,caf,2012,0.985984
5502,caf,2013,0.980372
5502,caf,2014,0.976373
5502,caf,2015,0.967463
5502,caf,2016,0.971317
5502,can,1995,0.762803
5502,can,1996,0.756426
5502,can,1997,0.731835
5502,can,1998,0.748135
5502,can,1999,0.741284
5502,can,2000,0.741091
5502,can,2001,0.755681
5502,can,2002,0.724005
5502,can,2003,0.738689
5502,can,2004,0.731543
5502,can,2005,0.813687
5502,can,2006,0.804278
5502,can,2007,0.81255
5502,can,2008,0.820311
5502,can,2009,0.800305
5502,can,2010,0.795743
5502,can,2011,0.808996
5502,can,2012,0.793632
5502,can,2013,0.813319
5502,can,2014,0.818521
5502,can,2015,0.805327
5502,can,2016,0.830476
5502,cck,1995,0.955916
5502,cck,1996,0.974882
5502,cck,1997,0.968507
5502,cck,1998,0.969656
5502,cck,1999,0.96402
5502,cck,2000,0.955524
5502,cck,2001,0.948296
5502,cck,2002,0.966107
5502,cck,2003,0.952947
5502,cck,2004,0.970691
5502,cck,2005,0.941253
5502,cck,2006,0.953589
5502,cck,2007,0.936617
5502,cck,2008,0.961772
5502,cck,2009,0.962108
5502,cck,2010,0.964908
5502,cck,2011,0.975983
5502,cck,2012,0.935585
5502,cck,2013,0.949134
5502,cck,2014,0.965772
5502,cck,2015,0.958953
5502,cck,2016,0.936256
5502,che,1995,0.656525
5502,che,1996,0.651984
5502,che,1997,0.65874
5502,che,1998,0.661301
5502,che,1999,0.68001
5502,che,2000,0.638307
5502,che,2001,0.657489
5502,che,2002,0.680299
5502,che,2003,0.667874
5502,che,2004,0.645487
5502,che,2005,0.643229
5502,che,2006,0.659469
5502,che,2007,0.652766
5502,che,2008,0.671802
5502,che,2009,0.705591
5502,che,2010,0.706068
5502,che,2011,0.716116
5502,che,2012,0.749559
5502,che,2013,0.795399
5502,che,2014,0.765713
5502,che,2015,0.769349
5502,che,2016,0.794423
5502,chl,1995,0.91718
5502,chl,1996,0.903609
5502,chl,1997,0.910861
5502,chl,1998,0.904318
5502,chl,1999,0.901348
5502,chl,2000,0.910399
5502,chl,2001,0.90635
5502,chl,2002,0.897797
5502,chl,2003,0.908055
5502,chl,2004,0.92094
5502,chl,2005,0.935291
5502,chl,2006,0.928659
5502,chl,2007,0.935354
5502,chl,2008,0.928564
5502,chl,2009,0.924515
5502,chl,2010,0.931094
5502,chl,2011,0.935433
5502,chl,2012,0.92741
5502,chl,2013,0.92661
5502,chl,2014,0.933224
5502,chl,2015,0.931839
5502,chl,2016,0.942148
5502,chn,1995,0.733606
5502,chn,1996,0.739128
5502,chn,1997,0.756967
5502,chn,1998,0.738834
5502,chn,1999,0.736171
5502,chn,2000,0.756217
5502,chn,2001,0.736581
5502,chn,2002,0.740588
5502,chn,2003,0.766028
5502,chn,2004,0.752338
5502,chn,2005,0.715712
5502,chn,2006,0.683634
5502,chn,2007,0.687128
5502,chn,2008,0.648968
5502,chn,2009,0.673685
5502,chn,2010,0.662277
5502,chn,2011,0.603152
5502,chn,2012,0.620305
5502,chn,2013,0.611491
5502,chn,2014,0.596615
5502,chn,2015,0.635847
5502,chn,2016,0.606241
5502,civ,1995,0.950411
5502,civ,1996,0.960327
5502,civ,1997,0.95528
5502,civ,1998,0.953772
5502,civ,1999,0.938808
5502,civ,2000,0.949361
5502,civ,2001,0.948679
5502,civ,2002,0.952096
5502,civ,2003,0.952879
5502,civ,2004,0.955808
5502,civ,2005,0.961824
5502,civ,2006,0.960067
5502,civ,2007,0.961781
5502,civ,2008,0.957665
5502,civ,2009,0.953691
5502,civ,2010,0.967925
5502,civ,2011,0.967472
5502,civ,2012,0.959464
5502,civ,2013,0.958407
5502,civ,2014,0.957892
5502,civ,2015,0.959299
5502,civ,2016,0.980362
5502,cmr,1995,0.972019
5502,cmr,1996,0.976688
5502,cmr,1997,0.973068
5502,cmr,1998,0.983908
5502,cmr,1999,0.980971
5502,cmr,2000,0.985041
5502,cmr,2001,0.984948
5502,cmr,2002,0.971757
5502,cmr,2003,0.977695
5502,cmr,2004,0.981845
5502,cmr,2005,0.98454
5502,cmr,2006,0.980847
5502,cmr,2007,0.968203
5502,cmr,2008,0.97545
5502,cmr,2009,0.965556
5502,cmr,2010,0.967706
5502,cmr,2011,0.962847
5502,cmr,2012,0.970323
5502,cmr,2013,0.971714
5502,cmr,2014,0.967461
5502,cmr,2015,0.969172
5502,cmr,2016,0.969054
5502,cod,1995,0.979407
5502,cod,1996,0.981826
5502,cod,1997,0.980038
5502,cod,1998,0.984545
5502,cod,1999,0.987567
5502,cod,2000,0.984971
5502,cod,2001,0.988656
5502,cod,2002,0.986686
5502,cod,2003,0.979738
5502,cod,2004,0.978976
5502,cod,2005,0.984528
5502,cod,2006,0.979341
5502,cod,2007,0.977218
5502,cod,2008,0.983697
5502,cod,2009,0.97692
5502,cod,2010,0.981888
5502,cod,2011,0.977065
5502,cod,2012,0.980221
5502,cod,2013,0.97822
5502,cod,2014,0.98013
5502,cod,2015,0.985378
5502,cod,2016,0.985022
5502,cog,1995,0.992229
5502,cog,1996,0.995339
5502,cog,1997,0.992953
5502,cog,1998,0.987806
5502,cog,1999,0.987049
5502,cog,2000,0.994646
5502,cog,2001,0.990305
5502,cog,2002,0.990285
5502,cog,2003,0.989426
5502,cog,2004,0.989795
5502,cog,2005,0.992061
5502,cog,2006,0.991383
5502,cog,2007,0.990073
5502,cog,2008,0.99235
5502,cog,2009,0.987912
5502,cog,2010,0.991426
5502,cog,2011,0.990416
5502,cog,2012,0.982116
5502,cog,2013,0.986125
5502,cog,2014,0.987246
5502,cog,2015,0.987571
5502,cog,2016,0.989373
5502,cok,1995,0.95233
5502,cok,1996,0.959029
5502,cok,1997,0.951626
5502,cok,1998,0.958454
5502,cok,1999,0.959339
5502,cok,2000,0.978859
5502,cok,2001,0.974459
5502,cok,2002,0.960967
5502,cok,2003,0.955064
5502,cok,2004,0.968511
5502,cok,2005,0.974807
5502,cok,2006,0.957106
5502,cok,2007,0.970593
5502,cok,2008,0.971803
5502,cok,2009,0.957145
5502,cok,2010,0.96295
5502,cok,2011,0.969958
5502,cok,2012,0.977368
5502,cok,2013,0.96523
5502,cok,2014,0.982398
5502,cok,2015,0.981584
5502,cok,2016,0.982519
5502,col,1995,0.876588
5502,col,1996,0.879118
5502,col,1997,0.914852
5502,col,1998,0.894415
5502,col,1999,0.892995
5502,col,2000,0.897804
5502,col,2001,0.883751
5502,col,2002,0.88475
5502,col,2003,0.905362
5502,col,2004,0.89847
5502,col,2005,0.909409
5502,col,2006,0.889016
5502,col,2007,0.889104
5502,col,2008,0.892927
5502,col,2009,0.884144
5502,col,2010,0.911315
5502,col,2011,0.929171
5502,col,2012,0.9251
5502,col,2013,0.932248
5502,col,2014,0.934374
5502,col,2015,0.921289
5502,col,2016,0.925108
5502,com,1995,0.982596
5502,com,1996,0.992816
5502,com,1997,0.973754
5502,com,1998,0.97613
5502,com,1999,0.974883
5502,com,2000,0.988689
5502,com,2001,0.991206
5502,com,2002,0.992654
5502,com,2003,0.995169
5502,com,2004,0.992764
5502,com,2005,0.989503
5502,com,2006,0.991413
5502,com,2007,0.990143
5502,com,2008,0.989703
5502,com,2009,0.979
5502,com,2010,0.976865
5502,com,2011,0.988493
5502,com,2012,0.988124
5502,com,2013,0.987905
5502,com,2014,0.987334
5502,com,2015,0.990152
5502,com,2016,0.992709
5502,cpv,1995,0.974122
5502,cpv,1996,0.970395
5502,cpv,1997,0.955547
5502,cpv,1998,0.968374
5502,cpv,1999,0.977885
5502,cpv,2000,0.944746
5502,cpv,2001,0.94084
5502,cpv,2002,0.968514
5502,cpv,2003,0.963721
5502,cpv,2004,0.967748
5502,cpv,2005,0.964217
5502,cpv,2006,0.967769
5502,cpv,2007,0.950289
5502,cpv,2008,0.968066
5502,cpv,2009,0.967016
5502,cpv,2010,0.978046
5502,cpv,2011,0.95817
5502,cpv,2012,0.973225
5502,cpv,2013,0.981261
5502,cpv,2014,0.973283
5502,cpv,2015,0.971759
5502,cpv,2016,0.966085
5502,cri,1995,0.91624
5502,cri,1996,0.912552
5502,cri,1997,0.914274
5502,cri,1998,0.922874
5502,cri,1999,0.929245
5502,cri,2000,0.930847
5502,cri,2001,0.911706
5502,cri,2002,0.9255
5502,cri,2003,0.948541
5502,cri,2004,0.937713
5502,cri,2005,0.943827
5502,cri,2006,0.934923
5502,cri,2007,0.930529
5502,cri,2008,0.934814
5502,cri,2009,0.943797
5502,cri,2010,0.951702
5502,cri,2011,0.946744
5502,cri,2012,0.943173
5502,cri,2013,0.955545
5502,cri,2014,0.949419
5502,cri,2015,0.899988
5502,cri,2016,0.909552
5502,cub,1995,0.968639
5502,cub,1996,0.971009
5502,cub,1997,0.977544
5502,cub,1998,0.968638
5502,cub,1999,0.960003
5502,cub,2000,0.968048
5502,cub,2001,0.968562
5502,cub,2002,0.965443
5502,cub,2003,0.951602
5502,cub,2004,0.949267
5502,cub,2005,0.950913
5502,cub,2006,0.973832
5502,cub,2007,0.979836
5502,cub,2008,0.973265
5502,cub,2009,0.963352
5502,cub,2010,0.967501
5502,cub,2011,0.972135
5502,cub,2012,0.953773
5502,cub,2013,0.964402
5502,cub,2014,0.965446
5502,cub,2015,0.970563
5502,cub,2016,0.975099
5502,cxr,1995,0.9819
5502,cxr,1996,0.984523
5502,cxr,1997,0.988757
5502,cxr,1998,0.991808
5502,cxr,1999,0.990277
5502,cxr,2000,0.987201
5502,cxr,2001,0.989256
5502,cxr,2002,0.982418
5502,cxr,2003,0.977509
5502,cxr,2004,0.986625
5502,cxr,2005,0.974793
5502,cxr,2006,0.976822
5502,cxr,2007,0.951281
5502,cxr,2008,0.980758
5502,cxr,2009,0.977368
5502,cxr,2010,0.975081
5502,cxr,2011,0.972242
5502,cxr,2012,0.98107
5502,cxr,2013,0.976915
5502,cxr,2014,0.978356
5502,cxr,2015,0.983303
5502,cxr,2016,0.977869
5502,cym,1995,0.946601
5502,cym,1996,0.973882
5502,cym,1997,0.970643
5502,cym,1998,0.963172
5502,cym,1999,0.979094
5502,cym,2000,0.987085
5502,cym,2001,0.981249
5502,cym,2002,0.974273
5502,cym,2003,0.990198
5502,cym,2004,0.990467
5502,cym,2005,0.990603
5502,cym,2006,0.990808
5502,cym,2007,0.971368
5502,cym,2008,0.985846
5502,cym,2009,0.973506
5502,cym,2010,0.986767
5502,cym,2011,0.992224
5502,cym,2012,0.987187
5502,cym,2013,0.988249
5502,cym,2014,0.987244
5502,cym,2015,0.988096
5502,cym,2016,0.991881
5502,cyp,1995,0.90228
5502,cyp,1996,0.91067
5502,cyp,1997,0.904166
5502,cyp,1998,0.890328
5502,cyp,1999,0.884143
5502,cyp,2000,0.89275
5502,cyp,2001,0.887796
5502,cyp,2002,0.885742
5502,cyp,2003,0.906169
5502,cyp,2004,0.86417
5502,cyp,2005,0.864727
5502,cyp,2006,0.903405
5502,cyp,2007,0.852956
5502,cyp,2008,0.818108
5502,cyp,2009,0.82314
5502,cyp,2010,0.833863
5502,cyp,2011,0.869115
5502,cyp,2012,0.87675
5502,cyp,2013,0.872755
5502,cyp,2014,0.84762
5502,cyp,2015,0.896665
5502,cyp,2016,0.874919
5502,cze,1995,0.580771
5502,cze,1996,0.601051
5502,cze,1997,0.611119
5502,cze,1998,0.624397
5502,cze,1999,0.629051
5502,cze,2000,0.651509
5502,cze,2001,0.659192
5502,cze,2002,0.669304
5502,cze,2003,0.654669
5502,cze,2004,0.680662
5502,cze,2005,0.669981
5502,cze,2006,0.668282
5502,cze,2007,0.687252
5502,cze,2008,0.671738
5502,cze,2009,0.676105
5502,cze,2010,0.676934
5502,cze,2011,0.655379
5502,cze,2012,0.645839
5502,cze,2013,0.651977
5502,cze,2014,0.662743
5502,cze,2015,0.678048
5502,cze,2016,0.712197
5502,deu,1995,0.395594
5502,deu,1996,0.382658
5502,deu,1997,0.364272
5502,deu,1998,0.390784
5502,deu,1999,0.397845
5502,deu,2000,0.358241
5502,deu,2001,0.367187
5502,deu,2002,0.376632
5502,deu,2003,0.379073
5502,deu,2004,0.380756
5502,deu,2005,0.329764
5502,deu,2006,0.344288
5502,deu,2007,0.357107
5502,deu,2008,0.360547
5502,deu,2009,0.401613
5502,deu,2010,0.365705
5502,deu,2011,0.350447
5502,deu,2012,0.375769
5502,deu,2013,0.369817
5502,deu,2014,0.391108
5502,deu,2015,0.354379
5502,deu,2016,0.499252
5502,dji,1995,0.874047
5502,dji,1996,0.965352
5502,dji,1997,0.932717
5502,dji,1998,0.929099
5502,dji,1999,0.939971
5502,dji,2000,0.947384
5502,dji,2001,0.906673
5502,dji,2002,0.92617
5502,dji,2003,0.949895
5502,dji,2004,0.940093
5502,dji,2005,0.921232
5502,dji,2006,0.941135
5502,dji,2007,0.981422
5502,dji,2008,0.979504
5502,dji,2009,0.977068
5502,dji,2010,0.973309
5502,dji,2011,0.976285
5502,dji,2012,0.964028
5502,dji,2013,0.964511
5502,dji,2014,0.97134
5502,dji,2015,0.968367
5502,dji,2016,0.966987
5502,dma,1995,0.91448
5502,dma,1996,0.929832
5502,dma,1997,0.901097
5502,dma,1998,0.922278
5502,dma,1999,0.905603
5502,dma,2000,0.901265
5502,dma,2001,0.90967
5502,dma,2002,0.934262
5502,dma,2003,0.938415
5502,dma,2004,0.920627
5502,dma,2005,0.925619
5502,dma,2006,0.923837
5502,dma,2007,0.922079
5502,dma,2008,0.920943
5502,dma,2009,0.929152
5502,dma,2010,0.906175
5502,dma,2011,0.940744
5502,dma,2012,0.900436
5502,dma,2013,0.934793
5502,dma,2014,0.935336
5502,dma,2015,0.930197
5502,dma,2016,0.937278
5502,dnk,1995,0.761913
5502,dnk,1996,0.779066
5502,dnk,1997,0.753864
5502,dnk,1998,0.753639
5502,dnk,1999,0.74529
5502,dnk,2000,0.747232
5502,dnk,2001,0.760451
5502,dnk,2002,0.761766
5502,dnk,2003,0.758449
5502,dnk,2004,0.756041
5502,dnk,2005,0.755303
5502,dnk,2006,0.751342
5502,dnk,2007,0.75201
5502,dnk,2008,0.765306
5502,dnk,2009,0.745226
5502,dnk,2010,0.753066
5502,dnk,2011,0.748298
5502,dnk,2012,0.730337
5502,dnk,2013,0.753904
5502,dnk,2014,0.756451
5502,dnk,2015,0.756376
5502,dnk,2016,0.795496
5502,dom,1995,0.958767
5502,dom,1996,0.952584
5502,dom,1997,0.966497
5502,dom,1998,0.953718
5502,dom,1999,0.94465
5502,dom,2000,0.960918
5502,dom,2001,0.937177
5502,dom,2002,0.921706
5502,dom,2003,0.938156
5502,dom,2004,0.943394
5502,dom,2005,0.930705
5502,dom,2006,0.909021
5502,dom,2007,0.921292
5502,dom,2008,0.900998
5502,dom,2009,0.904524
5502,dom,2010,0.903738
5502,dom,2011,0.895551
5502,dom,2012,0.893849
5502,dom,2013,0.903775
5502,dom,2014,0.895283
5502,dom,2015,0.898693
5502,dom,2016,0.913038
5502,dza,1995,0.986091
5502,dza,1996,0.983898
5502,dza,1997,0.989567
5502,dza,1998,0.988668
5502,dza,1999,0.992395
5502,dza,2000,0.993679
5502,dza,2001,0.991879
5502,dza,2002,0.987672
5502,dza,2003,0.98906
5502,dza,2004,0.990151
5502,dza,2005,0.988182
5502,dza,2006,0.99134
5502,dza,2007,0.994032
5502,dza,2008,0.990502
5502,dza,2009,0.990356
5502,dza,2010,0.989321
5502,dza,2011,0.993674
5502,dza,2012,0.990933
5502,dza,2013,0.993661
5502,dza,2014,0.99415
5502,dza,2015,0.994987
5502,dza,2016,0.990751
5502,ecu,1995,0.961135
5502,ecu,1996,0.966894
5502,ecu,1997,0.969139
5502,ecu,1998,0.961105
5502,ecu,1999,0.955487
5502,ecu,2000,0.964415
5502,ecu,2001,0.961889
5502,ecu,2002,0.960405
5502,ecu,2003,0.966953
5502,ecu,2004,0.956029
5502,ecu,2005,0.977028
5502,ecu,2006,0.967822
5502,ecu,2007,0.96859
5502,ecu,2008,0.968694
5502,ecu,2009,0.963647
5502,ecu,2010,0.956592
5502,ecu,2011,0.961261
5502,ecu,2012,0.954092
5502,ecu,2013,0.968588
5502,ecu,2014,0.975326
5502,ecu,2015,0.9714
5502,ecu,2016,0.97169
5502,egy,1995,0.910246
5502,egy,1996,0.924425
5502,egy,1997,0.919044
5502,egy,1998,0.911889
5502,egy,1999,0.895792
5502,egy,2000,0.917977
5502,egy,2001,0.897238
5502,egy,2002,0.886529
5502,egy,2003,0.899452
5502,egy,2004,0.895989
5502,egy,2005,0.891264
5502,egy,2006,0.884638
5502,egy,2007,0.893592
5502,egy,2008,0.874571
5502,egy,2009,0.83891
5502,egy,2010,0.865988
5502,egy,2011,0.871812
5502,egy,2012,0.855068
5502,egy,2013,0.83767
5502,egy,2014,0.838003
5502,egy,2015,0.840655
5502,egy,2016,0.863423
5502,eri,1995,0.959512
5502,eri,1996,0.978558
5502,eri,1997,0.98502
5502,eri,1998,0.957436
5502,eri,1999,0.9573
5502,eri,2000,0.968408
5502,eri,2001,0.949358
5502,eri,2002,0.93339
5502,eri,2003,0.935145
5502,eri,2004,0.920599
5502,eri,2005,0.955049
5502,eri,2006,0.943558
5502,eri,2007,0.982498
5502,eri,2008,0.95425
5502,eri,2009,0.935545
5502,eri,2010,0.948435
5502,eri,2011,0.986559
5502,eri,2012,0.986
5502,eri,2013,0.98906
5502,eri,2014,0.994889
5502,eri,2015,0.993047
5502,eri,2016,0.993079
5502,esh,1995,0.991955
5502,esh,1996,0.996409
5502,esh,1997,0.987227
5502,esh,1998,0.98517
5502,esh,1999,0.983936
5502,esh,2000,0.967907
5502,esh,2001,0.990078
5502,esh,2002,0.993374
5502,esh,2003,0.979191
5502,esh,2004,0.99173
5502,esh,2005,0.983169
5502,esh,2006,0.991031
5502,esh,2007,0.973733
5502,esh,2008,0.987043
5502,esh,2009,0.98444
5502,esh,2010,0.98539
5502,esh,2011,0.97958
5502,esh,2012,0.96328
5502,esh,2013,0.978466
5502,esh,2014,0.985272
5502,esh,2015,0.970744
5502,esh,2016,0.989914
5502,esp,1995,0.692194
5502,esp,1996,0.690362
5502,esp,1997,0.685044
5502,esp,1998,0.686378
5502,esp,1999,0.665523
5502,esp,2000,0.666606
5502,esp,2001,0.646412
5502,esp,2002,0.660683
5502,esp,2003,0.687669
5502,esp,2004,0.67958
5502,esp,2005,0.679862
5502,esp,2006,0.659364
5502,esp,2007,0.662267
5502,esp,2008,0.65086
5502,esp,2009,0.629434
5502,esp,2010,0.632252
5502,esp,2011,0.63886
5502,esp,2012,0.614858
5502,esp,2013,0.621353
5502,esp,2014,0.635174
5502,esp,2015,0.66139
5502,esp,2016,0.696938
5502,est,1995,0.825251
5502,est,1996,0.84015
5502,est,1997,0.853697
5502,est,1998,0.828269
5502,est,1999,0.829511
5502,est,2000,0.893526
5502,est,2001,0.841053
5502,est,2002,0.851542
5502,est,2003,0.870205
5502,est,2004,0.846978
5502,est,2005,0.83892
5502,est,2006,0.833948
5502,est,2007,0.81269
5502,est,2008,0.807615
5502,est,2009,0.810741
5502,est,2010,0.802565
5502,est,2011,0.801555
5502,est,2012,0.778841
5502,est,2013,0.779485
5502,est,2014,0.798019
5502,est,2015,0.802953
5502,est,2016,0.823561
5502,eth,1995,0.984629
5502,eth,1996,0.983876
5502,eth,1997,0.984116
5502,eth,1998,0.980013
5502,eth,1999,0.974099
5502,eth,2000,0.970248
5502,eth,2001,0.964127
5502,eth,2002,0.958275
5502,eth,2003,0.969901
5502,eth,2004,0.953504
5502,eth,2005,0.96794
5502,eth,2006,0.959477
5502,eth,2007,0.959076
5502,eth,2008,0.962145
5502,eth,2009,0.944954
5502,eth,2010,0.958003
5502,eth,2011,0.966535
5502,eth,2012,0.954805
5502,eth,2013,0.966574
5502,eth,2014,0.969396
5502,eth,2015,0.964638
5502,eth,2016,0.96269
5502,fin,1995,0.795624
5502,fin,1996,0.790663
5502,fin,1997,0.782374
5502,fin,1998,0.781636
5502,fin,1999,0.783825
5502,fin,2000,0.787445
5502,fin,2001,0.787643
5502,fin,2002,0.780223
5502,fin,2003,0.780019
5502,fin,2004,0.795634
5502,fin,2005,0.783911
5502,fin,2006,0.800352
5502,fin,2007,0.798043
5502,fin,2008,0.778061
5502,fin,2009,0.779128
5502,fin,2010,0.755976
5502,fin,2011,0.753063
5502,fin,2012,0.740086
5502,fin,2013,0.745566
5502,fin,2014,0.753413
5502,fin,2015,0.772592
5502,fin,2016,0.77871
5502,fji,1995,0.97044
5502,fji,1996,0.970264
5502,fji,1997,0.974538
5502,fji,1998,0.969013
5502,fji,1999,0.962133
5502,fji,2000,0.960862
5502,fji,2001,0.968943
5502,fji,2002,0.94033
5502,fji,2003,0.947659
5502,fji,2004,0.950422
5502,fji,2005,0.946668
5502,fji,2006,0.946436
5502,fji,2007,0.934435
5502,fji,2008,0.944016
5502,fji,2009,0.940178
5502,fji,2010,0.935133
5502,fji,2011,0.92137
5502,fji,2012,0.91242
5502,fji,2013,0.923764
5502,fji,2014,0.929536
5502,fji,2015,0.93419
5502,fji,2016,0.913993
5502,flk,1995,0.97759
5502,flk,1996,0.984155
5502,flk,1997,0.974942
5502,flk,1998,0.97816
5502,flk,1999,0.981251
5502,flk,2000,0.987217
5502,flk,2001,0.988077
5502,flk,2002,0.994009
5502,flk,2003,0.99148
5502,flk,2004,0.992837
5502,flk,2005,0.998056
5502,flk,2006,0.994103
5502,flk,2007,0.996117
5502,flk,2008,0.997002
5502,flk,2009,0.989122
5502,flk,2010,0.996807
5502,flk,2011,0.993594
5502,flk,2012,0.995474
5502,flk,2013,0.996429
5502,flk,2014,0.994135
5502,flk,2015,0.992944
5502,flk,2016,0.998037
5502,fra,1995,0.52209
5502,fra,1996,0.536965
5502,fra,1997,0.535676
5502,fra,1998,0.570218
5502,fra,1999,0.528266
5502,fra,2000,0.527255
5502,fra,2001,0.567224
5502,fra,2002,0.560206
5502,fra,2003,0.561536
5502,fra,2004,0.543404
5502,fra,2005,0.535311
5502,fra,2006,0.533487
5502,fra,2007,0.523823
5502,fra,2008,0.524981
5502,fra,2009,0.551228
5502,fra,2010,0.536141
5502,fra,2011,0.531742
5502,fra,2012,0.539472
5502,fra,2013,0.542043
5502,fra,2014,0.541683
5502,fra,2015,0.573225
5502,fra,2016,0.627392
5502,fro,1995,0.987273
5502,fro,1996,0.989157
5502,fro,1997,0.991517
5502,fro,1998,0.990535
5502,fro,1999,0.989876
5502,fro,2000,0.98476
5502,fro,2001,0.989028
5502,fro,2002,0.977477
5502,fro,2003,0.985033
5502,fro,2004,0.989653
5502,fro,2005,0.99121
5502,fro,2006,0.982684
5502,fro,2007,0.985113
5502,fro,2008,0.986023
5502,fro,2009,0.990342
5502,fro,2010,0.995773
5502,fro,2011,0.992697
5502,fro,2012,0.984941
5502,fro,2013,0.987123
5502,fro,2014,0.99094
5502,fro,2015,0.994658
5502,fro,2016,0.993791
5502,fsm,1995,0.992991
5502,fsm,1996,0.992554
5502,fsm,1997,0.993251
5502,fsm,1998,0.99527
5502,fsm,1999,0.99199
5502,fsm,2000,0.997408
5502,fsm,2001,0.994187
5502,fsm,2002,0.992143
5502,fsm,2003,0.994691
5502,fsm,2004,0.99306
5502,fsm,2005,0.995167
5502,fsm,2006,0.989989
5502,fsm,2007,0.985198
5502,fsm,2008,0.990843
5502,fsm,2009,0.990201
5502,fsm,2010,0.994274
5502,fsm,2011,0.987483
5502,fsm,2012,0.991523
5502,fsm,2013,0.98696
5502,fsm,2014,0.982673
5502,fsm,2015,0.990544
5502,fsm,2016,0.989805
5502,gab,1995,0.995284
5502,gab,1996,0.993885
5502,gab,1997,0.993281
5502,gab,1998,0.989987
5502,gab,1999,0.98865
5502,gab,2000,0.991887
5502,gab,2001,0.990074
5502,gab,2002,0.990028
5502,gab,2003,0.990567
5502,gab,2004,0.988367
5502,gab,2005,0.993598
5502,gab,2006,0.992817
5502,gab,2007,0.992906
5502,gab,2008,0.992772
5502,gab,2009,0.986759
5502,gab,2010,0.990508
5502,gab,2011,0.993082
5502,gab,2012,0.994069
5502,gab,2013,0.993621
5502,gab,2014,0.996847
5502,gab,2015,0.995108
5502,gab,2016,0.99693
5502,gbr,1995,0.496773
5502,gbr,1996,0.483351
5502,gbr,1997,0.447109
5502,gbr,1998,0.484926
5502,gbr,1999,0.529091
5502,gbr,2000,0.517355
5502,gbr,2001,0.512842
5502,gbr,2002,0.543765
5502,gbr,2003,0.521083
5502,gbr,2004,0.495368
5502,gbr,2005,0.477211
5502,gbr,2006,0.548076
5502,gbr,2007,0.49465
5502,gbr,2008,0.511
5502,gbr,2009,0.560553
5502,gbr,2010,0.53891
5502,gbr,2011,0.554087
5502,gbr,2012,0.567016
5502,gbr,2013,0.600728
5502,gbr,2014,0.570891
5502,gbr,2015,0.66275
5502,gbr,2016,0.658661
5502,geo,1995,0.914059
5502,geo,1996,0.886739
5502,geo,1997,0.921287
5502,geo,1998,0.89083
5502,geo,1999,0.91724
5502,geo,2000,0.90413
5502,geo,2001,0.912436
5502,geo,2002,0.920189
5502,geo,2003,0.938235
5502,geo,2004,0.933287
5502,geo,2005,0.939315
5502,geo,2006,0.940978
5502,geo,2007,0.937449
5502,geo,2008,0.944089
5502,geo,2009,0.927279
5502,geo,2010,0.938317
5502,geo,2011,0.923033
5502,geo,2012,0.933984
5502,geo,2013,0.930802
5502,geo,2014,0.940132
5502,geo,2015,0.93144
5502,geo,2016,0.930294
5502,gha,1995,0.975322
5502,gha,1996,0.972562
5502,gha,1997,0.971292
5502,gha,1998,0.966067
5502,gha,1999,0.95583
5502,gha,2000,0.966125
5502,gha,2001,0.961755
5502,gha,2002,0.970858
5502,gha,2003,0.962531
5502,gha,2004,0.965003
5502,gha,2005,0.966525
5502,gha,2006,0.961759
5502,gha,2007,0.953345
5502,gha,2008,0.956769
5502,gha,2009,0.945778
5502,gha,2010,0.955715
5502,gha,2011,0.9602
5502,gha,2012,0.957899
5502,gha,2013,0.956494
5502,gha,2014,0.972015
5502,gha,2015,0.977633
5502,gha,2016,0.97193
5502,gib,1995,0.949757
5502,gib,1996,0.96141
5502,gib,1997,0.950818
5502,gib,1998,0.952761
5502,gib,1999,0.944364
5502,gib,2000,0.95161
5502,gib,2001,0.962668
5502,gib,2002,0.948775
5502,gib,2003,0.956775
5502,gib,2004,0.964294
5502,gib,2005,0.971125
5502,gib,2006,0.960401
5502,gib,2007,0.955212
5502,gib,2008,0.960438
5502,gib,2009,0.964474
5502,gib,2010,0.973992
5502,gib,2011,0.970289
5502,gib,2012,0.982485
5502,gib,2013,0.983781
5502,gib,2014,0.990536
5502,gib,2015,0.989997
5502,gib,2016,0.980154
5502,gin,1995,0.986361
5502,gin,1996,0.984844
5502,gin,1997,0.985143
5502,gin,1998,0.990075
5502,gin,1999,0.988046
5502,gin,2000,0.987239
5502,gin,2001,0.984425
5502,gin,2002,0.985443
5502,gin,2003,0.987543
5502,gin,2004,0.981619
5502,gin,2005,0.988843
5502,gin,2006,0.984589
5502,gin,2007,0.984332
5502,gin,2008,0.984606
5502,gin,2009,0.984608
5502,gin,2010,0.985156
5502,gin,2011,0.990128
5502,gin,2012,0.987363
5502,gin,2013,0.988541
5502,gin,2014,0.987038
5502,gin,2015,0.984906
5502,gin,2016,0.990658
5502,glp,1995,0.946822
5502,gmb,1995,0.978786
5502,gmb,1996,0.987802
5502,gmb,1997,0.983187
5502,gmb,1998,0.97917
5502,gmb,1999,0.972997
5502,gmb,2000,0.957175
5502,gmb,2001,0.944917
5502,gmb,2002,0.926729
5502,gmb,2003,0.93928
5502,gmb,2004,0.938024
5502,gmb,2005,0.934348
5502,gmb,2006,0.949001
5502,gmb,2007,0.968119
5502,gmb,2008,0.956049
5502,gmb,2009,0.944907
5502,gmb,2010,0.973114
5502,gmb,2011,0.978981
5502,gmb,2012,0.977329
5502,gmb,2013,0.977204
5502,gmb,2014,0.975383
5502,gmb,2015,0.979085
5502,gmb,2016,0.985703
5502,gnb,1995,0.992424
5502,gnb,1996,0.994771
5502,gnb,1997,0.993401
5502,gnb,1998,0.993512
5502,gnb,1999,0.993761
5502,gnb,2000,0.995032
5502,gnb,2001,0.993203
5502,gnb,2002,0.979395
5502,gnb,2003,0.972516
5502,gnb,2004,0.982314
5502,gnb,2005,0.977757
5502,gnb,2006,0.99145
5502,gnb,2007,0.993042
5502,gnb,2008,0.994023
5502,gnb,2009,0.989157
5502,gnb,2010,0.995425
5502,gnb,2011,0.987106
5502,gnb,2012,0.991197
5502,gnb,2013,0.99501
5502,gnb,2014,0.99472
5502,gnb,2015,0.99635
5502,gnb,2016,0.993746
5502,gnq,1995,0.995037
5502,gnq,1996,0.995238
5502,gnq,1997,0.995864
5502,gnq,1998,0.997078
5502,gnq,1999,0.995304
5502,gnq,2000,0.99813
5502,gnq,2001,0.997459
5502,gnq,2002,0.99665
5502,gnq,2003,0.997901
5502,gnq,2004,0.996365
5502,gnq,2005,0.99835
5502,gnq,2006,0.998239
5502,gnq,2007,0.996006
5502,gnq,2008,0.994537
5502,gnq,2009,0.996861
5502,gnq,2010,0.996031
5502,gnq,2011,0.998132
5502,gnq,2012,0.996347
5502,gnq,2013,0.997519
5502,gnq,2014,0.998839
5502,gnq,2015,0.998766
5502,gnq,2016,0.99806
5502,grc,1995,0.859139
5502,grc,1996,0.839838
5502,grc,1997,0.859833
5502,grc,1998,0.834177
5502,grc,1999,0.814715
5502,grc,2000,0.835323
5502,grc,2001,0.771771
5502,grc,2002,0.833618
5502,grc,2003,0.83153
5502,grc,2004,0.812673
5502,grc,2005,0.815908
5502,grc,2006,0.826533
5502,grc,2007,0.829009
5502,grc,2008,0.826767
5502,grc,2009,0.813812
5502,grc,2010,0.838055
5502,grc,2011,0.848054
5502,grc,2012,0.851135
5502,grc,2013,0.860245
5502,grc,2014,0.856326
5502,grc,2015,0.856041
5502,grc,2016,0.869264
5502,grd,1995,0.966116
5502,grd,1996,0.962719
5502,grd,1997,0.96653
5502,grd,1998,0.97182
5502,grd,1999,0.96802
5502,grd,2000,0.958375
5502,grd,2001,0.951582
5502,grd,2002,0.959068
5502,grd,2003,0.945681
5502,grd,2004,0.956136
5502,grd,2005,0.9685
5502,grd,2006,0.953365
5502,grd,2007,0.967093
5502,grd,2008,0.951557
5502,grd,2009,0.951404
5502,grd,2010,0.966488
5502,grd,2011,0.955444
5502,grd,2012,0.953776
5502,grd,2013,0.960941
5502,grd,2014,0.967944
5502,grd,2015,0.962154
5502,grd,2016,0.963422
5502,grl,1995,0.991539
5502,grl,1996,0.991303
5502,grl,1997,0.993576
5502,grl,1998,0.993328
5502,grl,1999,0.992353
5502,grl,2000,0.989608
5502,grl,2001,0.981062
5502,grl,2002,0.989216
5502,grl,2003,0.991821
5502,grl,2004,0.990465
5502,grl,2005,0.99325
5502,grl,2006,0.990694
5502,grl,2007,0.99227
5502,grl,2008,0.98968
5502,grl,2009,0.990294
5502,grl,2010,0.98831
5502,grl,2011,0.987416
5502,grl,2012,0.991036
5502,grl,2013,0.990471
5502,grl,2014,0.994704
5502,grl,2015,0.994796
5502,grl,2016,0.997069
5502,gtm,1995,0.896696
5502,gtm,1996,0.902756
5502,gtm,1997,0.919176
5502,gtm,1998,0.901681
5502,gtm,1999,0.898015
5502,gtm,2000,0.91892
5502,gtm,2001,0.909083
5502,gtm,2002,0.922716
5502,gtm,2003,0.921482
5502,gtm,2004,0.912686
5502,gtm,2005,0.910903
5502,gtm,2006,0.894293
5502,gtm,2007,0.903625
5502,gtm,2008,0.897282
5502,gtm,2009,0.884613
5502,gtm,2010,0.894821
5502,gtm,2011,0.88496
5502,gtm,2012,0.886391
5502,gtm,2013,0.886282
5502,gtm,2014,0.893189
5502,gtm,2015,0.885633
5502,gtm,2016,0.911741
5502,guf,1995,0.967768
5502,guy,1995,0.97735
5502,guy,1996,0.977565
5502,guy,1997,0.976652
5502,guy,1998,0.972714
5502,guy,1999,0.97158
5502,guy,2000,0.978312
5502,guy,2001,0.973707
5502,guy,2002,0.971066
5502,guy,2003,0.965079
5502,guy,2004,0.973166
5502,guy,2005,0.972298
5502,guy,2006,0.97127
5502,guy,2007,0.969954
5502,guy,2008,0.975929
5502,guy,2009,0.973311
5502,guy,2010,0.978987
5502,guy,2011,0.978337
5502,guy,2012,0.971994
5502,guy,2013,0.976649
5502,guy,2014,0.982186
5502,guy,2015,0.975825
5502,guy,2016,0.978636
5502,hkg,1995,0.740535
5502,hkg,1996,0.735326
5502,hkg,1997,0.768258
5502,hkg,1998,0.771243
5502,hkg,1999,0.771528
5502,hkg,2000,0.778861
5502,hkg,2001,0.787787
5502,hkg,2002,0.800921
5502,hkg,2003,0.843329
5502,hkg,2004,0.798002
5502,hkg,2005,0.814652
5502,hkg,2006,0.80841
5502,hkg,2007,0.799195
5502,hkg,2008,0.784832
5502,hkg,2009,0.798825
5502,hkg,2010,0.799407
5502,hkg,2011,0.800082
5502,hkg,2012,0.815104
5502,hkg,2013,0.833898
5502,hkg,2014,0.821535
5502,hkg,2015,0.836786
5502,hkg,2016,0.801807
5502,hnd,1995,0.935683
5502,hnd,1996,0.930246
5502,hnd,1997,0.944793
5502,hnd,1998,0.936922
5502,hnd,1999,0.931384
5502,hnd,2000,0.955793
5502,hnd,2001,0.938886
5502,hnd,2002,0.949787
5502,hnd,2003,0.951589
5502,hnd,2004,0.945908
5502,hnd,2005,0.948836
5502,hnd,2006,0.94572
5502,hnd,2007,0.943213
5502,hnd,2008,0.942369
5502,hnd,2009,0.929457
5502,hnd,2010,0.930977
5502,hnd,2011,0.937935
5502,hnd,2012,0.917653
5502,hnd,2013,0.931556
5502,hnd,2014,0.918192
5502,hnd,2015,0.923779
5502,hnd,2016,0.940967
5502,hrv,1995,0.74661
5502,hrv,1996,0.820875
5502,hrv,1997,0.828615
5502,hrv,1998,0.834468
5502,hrv,1999,0.830114
5502,hrv,2000,0.845011
5502,hrv,2001,0.8393
5502,hrv,2002,0.839953
5502,hrv,2003,0.850155
5502,hrv,2004,0.832922
5502,hrv,2005,0.836515
5502,hrv,2006,0.834044
5502,hrv,2007,0.834944
5502,hrv,2008,0.816193
5502,hrv,2009,0.823055
5502,hrv,2010,0.830622
5502,hrv,2011,0.827134
5502,hrv,2012,0.81342
5502,hrv,2013,0.811817
5502,hrv,2014,0.800095
5502,hrv,2015,0.808165
5502,hrv,2016,0.832752
5502,hti,1995,0.953641
5502,hti,1996,0.96509
5502,hti,1997,0.970632
5502,hti,1998,0.972732
5502,hti,1999,0.974493
5502,hti,2000,0.97789
5502,hti,2001,0.971399
5502,hti,2002,0.97358
5502,hti,2003,0.98205
5502,hti,2004,0.977912
5502,hti,2005,0.980614
5502,hti,2006,0.975435
5502,hti,2007,0.981685
5502,hti,2008,0.976942
5502,hti,2009,0.981279
5502,hti,2010,0.982463
5502,hti,2011,0.979016
5502,hti,2012,0.97528
5502,hti,2013,0.976
5502,hti,2014,0.983628
5502,hti,2015,0.982998
5502,hti,2016,0.983689
5502,hun,1995,0.732132
5502,hun,1996,0.754339
5502,hun,1997,0.79724
5502,hun,1998,0.774328
5502,hun,1999,0.783893
5502,hun,2000,0.790876
5502,hun,2001,0.788942
5502,hun,2002,0.795751
5502,hun,2003,0.80157
5502,hun,2004,0.811932
5502,hun,2005,0.810868
5502,hun,2006,0.786317
5502,hun,2007,0.799578
5502,hun,2008,0.796941
5502,hun,2009,0.788867
5502,hun,2010,0.770115
5502,hun,2011,0.767363
5502,hun,2012,0.756218
5502,hun,2013,0.76411
5502,hun,2014,0.772195
5502,hun,2015,0.787037
5502,hun,2016,0.796042
5502,idn,1995,0.87529
5502,idn,1996,0.879989
5502,idn,1997,0.90584
5502,idn,1998,0.871504
5502,idn,1999,0.840489
5502,idn,2000,0.850884
5502,idn,2001,0.856208
5502,idn,2002,0.850921
5502,idn,2003,0.849449
5502,idn,2004,0.850065
5502,idn,2005,0.865631
5502,idn,2006,0.851941
5502,idn,2007,0.859867
5502,idn,2008,0.849074
5502,idn,2009,0.857904
5502,idn,2010,0.874304
5502,idn,2011,0.884766
5502,idn,2012,0.862486
5502,idn,2013,0.853247
5502,idn,2014,0.851789
5502,idn,2015,0.862483
5502,idn,2016,0.844827
5502,ind,1995,0.803826
5502,ind,1996,0.785475
5502,ind,1997,0.774872
5502,ind,1998,0.758319
5502,ind,1999,0.742517
5502,ind,2000,0.753402
5502,ind,2001,0.7572
5502,ind,2002,0.73256
5502,ind,2003,0.744269
5502,ind,2004,0.760586
5502,ind,2005,0.734642
5502,ind,2006,0.721708
5502,ind,2007,0.736814
5502,ind,2008,0.748819
5502,ind,2009,0.764902
5502,ind,2010,0.769992
5502,ind,2011,0.792376
5502,ind,2012,0.769083
5502,ind,2013,0.753902
5502,ind,2014,0.737872
5502,ind,2015,0.751299
5502,ind,2016,0.750615
5502,iot,1995,0.988798
5502,iot,1996,0.980217
5502,iot,1997,0.984958
5502,iot,1998,0.976739
5502,iot,1999,0.986534
5502,iot,2000,0.986179
5502,iot,2001,0.9901
5502,iot,2002,0.980293
5502,iot,2003,0.952281
5502,iot,2004,0.932338
5502,iot,2005,0.953546
5502,iot,2006,0.942914
5502,iot,2007,0.935757
5502,iot,2008,0.954366
5502,iot,2009,0.951577
5502,iot,2010,0.963259
5502,iot,2011,0.953484
5502,iot,2012,0.969928
5502,iot,2013,0.982309
5502,iot,2014,0.987449
5502,iot,2015,0.988638
5502,iot,2016,0.978142
5502,irl,1995,0.830391
5502,irl,1996,0.833158
5502,irl,1997,0.846054
5502,irl,1998,0.866176
5502,irl,1999,0.888795
5502,irl,2000,0.88382
5502,irl,2001,0.898507
5502,irl,2002,0.904812
5502,irl,2003,0.895591
5502,irl,2004,0.898209
5502,irl,2005,0.893995
5502,irl,2006,0.896213
5502,irl,2007,0.880122
5502,irl,2008,0.874684
5502,irl,2009,0.895112
5502,irl,2010,0.885713
5502,irl,2011,0.874042
5502,irl,2012,0.876222
5502,irl,2013,0.874914
5502,irl,2014,0.879876
5502,irl,2015,0.884958
5502,irl,2016,0.892647
5502,irn,1995,0.980143
5502,irn,1996,0.974833
5502,irn,1997,0.974913
5502,irn,1998,0.966208
5502,irn,1999,0.963642
5502,irn,2000,0.968003
5502,irn,2001,0.967095
5502,irn,2002,0.95934
5502,irn,2003,0.967544
5502,irn,2004,0.96427
5502,irn,2005,0.968344
5502,irn,2006,0.959242
5502,irn,2007,0.971015
5502,irn,2008,0.970009
5502,irn,2009,0.970486
5502,irn,2010,0.969863
5502,irn,2011,0.976039
5502,irn,2012,0.968873
5502,irn,2013,0.962577
5502,irn,2014,0.964828
5502,irn,2015,0.951719
5502,irn,2016,0.947544
5502,irq,1995,0.99543
5502,irq,1996,0.965131
5502,irq,1997,0.99944
5502,irq,1998,0.999134
5502,irq,1999,0.999715
5502,irq,2000,0.999239
5502,irq,2001,0.998241
5502,irq,2002,0.997711
5502,irq,2003,0.99196
5502,irq,2004,0.98927
5502,irq,2005,0.996053
5502,irq,2006,0.997804
5502,irq,2007,0.99777
5502,irq,2008,0.997033
5502,irq,2009,0.996821
5502,irq,2010,0.996517
5502,irq,2011,0.997725
5502,irq,2012,0.997789
5502,irq,2013,0.997566
5502,irq,2014,0.999005
5502,irq,2015,0.999192
5502,irq,2016,0.998632
5502,isl,1995,0.963334
5502,isl,1996,0.967995
5502,isl,1997,0.964008
5502,isl,1998,0.961714
5502,isl,1999,0.952587
5502,isl,2000,0.959145
5502,isl,2001,0.957187
5502,isl,2002,0.949054
5502,isl,2003,0.958378
5502,isl,2004,0.947893
5502,isl,2005,0.957052
5502,isl,2006,0.954338
5502,isl,2007,0.950833
5502,isl,2008,0.948483
5502,isl,2009,0.951865
5502,isl,2010,0.94719
5502,isl,2011,0.94814
5502,isl,2012,0.944116
5502,isl,2013,0.944145
5502,isl,2014,0.958044
5502,isl,2015,0.961602
5502,isl,2016,0.96271
5502,isr,1995,0.793393
5502,isr,1996,0.793428
5502,isr,1997,0.807331
5502,isr,1998,0.806232
5502,isr,1999,0.813704
5502,isr,2000,0.835855
5502,isr,2001,0.830283
5502,isr,2002,0.837885
5502,isr,2003,0.842321
5502,isr,2004,0.829334
5502,isr,2005,0.823237
5502,isr,2006,0.816699
5502,isr,2007,0.827947
5502,isr,2008,0.802808
5502,isr,2009,0.813889
5502,isr,2010,0.826601
5502,isr,2011,0.825365
5502,isr,2012,0.811996
5502,isr,2013,0.827326
5502,isr,2014,0.840095
5502,isr,2015,0.84586
5502,isr,2016,0.834997
5502,ita,1995,0.617506
5502,ita,1996,0.618029
5502,ita,1997,0.623076
5502,ita,1998,0.620231
5502,ita,1999,0.602707
5502,ita,2000,0.596636
5502,ita,2001,0.600261
5502,ita,2002,0.616208
5502,ita,2003,0.622676
5502,ita,2004,0.606937
5502,ita,2005,0.600255
5502,ita,2006,0.599405
5502,ita,2007,0.615867
5502,ita,2008,0.611278
5502,ita,2009,0.584263
5502,ita,2010,0.573843
5502,ita,2011,0.567797
5502,ita,2012,0.570956
5502,ita,2013,0.57046
5502,ita,2014,0.575546
5502,ita,2015,0.591806
5502,ita,2016,0.63325
5502,jam,1995,0.964489
5502,jam,1996,0.950139
5502,jam,1997,0.96344
5502,jam,1998,0.959547
5502,jam,1999,0.957496
5502,jam,2000,0.961691
5502,jam,2001,0.959326
5502,jam,2002,0.959514
5502,jam,2003,0.965779
5502,jam,2004,0.960759
5502,jam,2005,0.979043
5502,jam,2006,0.965089
5502,jam,2007,0.977598
5502,jam,2008,0.969906
5502,jam,2009,0.948972
5502,jam,2010,0.940436
5502,jam,2011,0.916677
5502,jam,2012,0.94247
5502,jam,2013,0.957828
5502,jam,2014,0.952397
5502,jam,2015,0.947927
5502,jam,2016,0.944991
5502,jor,1995,0.883322
5502,jor,1996,0.933783
5502,jor,1997,0.915478
5502,jor,1998,0.919693
5502,jor,1999,0.863741
5502,jor,2000,0.870596
5502,jor,2001,0.858307
5502,jor,2002,0.894784
5502,jor,2003,0.903477
5502,jor,2004,0.889386
5502,jor,2005,0.888848
5502,jor,2006,0.890906
5502,jor,2007,0.884765
5502,jor,2008,0.882444
5502,jor,2009,0.878087
5502,jor,2010,0.87591
5502,jor,2011,0.881034
5502,jor,2012,0.878716
5502,jor,2013,0.869332
5502,jor,2014,0.880216
5502,jor,2015,0.889534
5502,jor,2016,0.917711
5502,jpn,1995,0.634642
5502,jpn,1996,0.611996
5502,jpn,1997,0.590413
5502,jpn,1998,0.626553
5502,jpn,1999,0.626824
5502,jpn,2000,0.578714
5502,jpn,2001,0.566798
5502,jpn,2002,0.606365
5502,jpn,2003,0.579697
5502,jpn,2004,0.561721
5502,jpn,2005,0.529961
5502,jpn,2006,0.54399
5502,jpn,2007,0.535018
5502,jpn,2008,0.554213
5502,jpn,2009,0.543701
5502,jpn,2010,0.52709
5502,jpn,2011,0.498245
5502,jpn,2012,0.521213
5502,jpn,2013,0.503691
5502,jpn,2014,0.506044
5502,jpn,2015,0.480832
5502,jpn,2016,0.439203
5502,kaz,1995,0.920061
5502,kaz,1996,0.869049
5502,kaz,1997,0.908516
5502,kaz,1998,0.917213
5502,kaz,1999,0.931125
5502,kaz,2000,0.94867
5502,kaz,2001,0.931919
5502,kaz,2002,0.943631
5502,kaz,2003,0.942238
5502,kaz,2004,0.943882
5502,kaz,2005,0.947791
5502,kaz,2006,0.944434
5502,kaz,2007,0.950386
5502,kaz,2008,0.951006
5502,kaz,2009,0.949473
5502,kaz,2010,0.953748
5502,kaz,2011,0.962566
5502,kaz,2012,0.941105
5502,kaz,2013,0.949965
5502,kaz,2014,0.942604
5502,kaz,2015,0.953334
5502,kaz,2016,0.944633
5502,ken,1995,0.907898
5502,ken,1996,0.917336
5502,ken,1997,0.905427
5502,ken,1998,0.906375
5502,ken,1999,0.885042
5502,ken,2000,0.932206
5502,ken,2001,0.910563
5502,ken,2002,0.904275
5502,ken,2003,0.891378
5502,ken,2004,0.894972
5502,ken,2005,0.898196
5502,ken,2006,0.884672
5502,ken,2007,0.887159
5502,ken,2008,0.880195
5502,ken,2009,0.876307
5502,ken,2010,0.886321
5502,ken,2011,0.911019
5502,ken,2012,0.891626
5502,ken,2013,0.887319
5502,ken,2014,0.90782
5502,ken,2015,0.905908
5502,ken,2016,0.937287
5502,kgz,1995,0.912135
5502,kgz,1996,0.871717
5502,kgz,1997,0.928104
5502,kgz,1998,0.940414
5502,kgz,1999,0.937481
5502,kgz,2000,0.917398
5502,kgz,2001,0.924737
5502,kgz,2002,0.909004
5502,kgz,2003,0.926694
5502,kgz,2004,0.926119
5502,kgz,2005,0.924008
5502,kgz,2006,0.914501
5502,kgz,2007,0.934511
5502,kgz,2008,0.931634
5502,kgz,2009,0.919095
5502,kgz,2010,0.938834
5502,kgz,2011,0.932572
5502,kgz,2012,0.911123
5502,kgz,2013,0.913361
5502,kgz,2014,0.92738
5502,kgz,2015,0.915908
5502,kgz,2016,0.9275
5502,khm,1995,0.981763
5502,khm,1996,0.978546
5502,khm,1997,0.984798
5502,khm,1998,0.985047
5502,khm,1999,0.979503
5502,khm,2000,0.982568
5502,khm,2001,0.979739
5502,khm,2002,0.983214
5502,khm,2003,0.983605
5502,khm,2004,0.983751
5502,khm,2005,0.98518
5502,khm,2006,0.986713
5502,khm,2007,0.981988
5502,khm,2008,0.985505
5502,khm,2009,0.983138
5502,khm,2010,0.981609
5502,khm,2011,0.982542
5502,khm,2012,0.977077
5502,khm,2013,0.965825
5502,khm,2014,0.967263
5502,khm,2015,0.969052
5502,khm,2016,0.971024
5502,kir,1995,0.979879
5502,kir,1996,0.983029
5502,kir,1997,0.991787
5502,kir,1998,0.990627
5502,kir,1999,0.982589
5502,kir,2000,0.990449
5502,kir,2001,0.984185
5502,kir,2002,0.986492
5502,kir,2003,0.989819
5502,kir,2004,0.983254
5502,kir,2005,0.9763
5502,kir,2006,0.970553
5502,kir,2007,0.978448
5502,kir,2008,0.983532
5502,kir,2009,0.986109
5502,kir,2010,0.983713
5502,kir,2011,0.98572
5502,kir,2012,0.993428
5502,kir,2013,0.989562
5502,kir,2014,0.987235
5502,kir,2015,0.99485
5502,kir,2016,0.99488
5502,kna,1995,0.9723
5502,kna,1996,0.972711
5502,kna,1997,0.958936
5502,kna,1998,0.966991
5502,kna,1999,0.968918
5502,kna,2000,0.977181
5502,kna,2001,0.964045
5502,kna,2002,0.966308
5502,kna,2003,0.969035
5502,kna,2004,0.969701
5502,kna,2005,0.974846
5502,kna,2006,0.970236
5502,kna,2007,0.963454
5502,kna,2008,0.952272
5502,kna,2009,0.960498
5502,kna,2010,0.973155
5502,kna,2011,0.968812
5502,kna,2012,0.965113
5502,kna,2013,0.969186
5502,kna,2014,0.96534
5502,kna,2015,0.974014
5502,kna,2016,0.969853
5502,kor,1995,0.802532
5502,kor,1996,0.804343
5502,kor,1997,0.809743
5502,kor,1998,0.811385
5502,kor,1999,0.810784
5502,kor,2000,0.802983
5502,kor,2001,0.786306
5502,kor,2002,0.797018
5502,kor,2003,0.80696
5502,kor,2004,0.795968
5502,kor,2005,0.795381
5502,kor,2006,0.79022
5502,kor,2007,0.784718
5502,kor,2008,0.775392
5502,kor,2009,0.782965
5502,kor,2010,0.787803
5502,kor,2011,0.694564
5502,kor,2012,0.687603
5502,kor,2013,0.674141
5502,kor,2014,0.680107
5502,kor,2015,0.735362
5502,kor,2016,0.590368
5502,kwt,1995,0.987362
5502,kwt,1996,0.989253
5502,kwt,1997,0.991881
5502,kwt,1998,0.983677
5502,kwt,1999,0.983458
5502,kwt,2000,0.991637
5502,kwt,2001,0.990243
5502,kwt,2002,0.988336
5502,kwt,2003,0.989319
5502,kwt,2004,0.988191
5502,kwt,2005,0.98642
5502,kwt,2006,0.991955
5502,kwt,2007,0.991149
5502,kwt,2008,0.992194
5502,kwt,2009,0.991428
5502,kwt,2010,0.988242
5502,kwt,2011,0.991984
5502,kwt,2012,0.991453
5502,kwt,2013,0.987643
5502,kwt,2014,0.986324
5502,kwt,2015,0.990531
5502,kwt,2016,0.983974
5502,lao,1995,0.977266
5502,lao,1996,0.980663
5502,lao,1997,0.972307
5502,lao,1998,0.977119
5502,lao,1999,0.97208
5502,lao,2000,0.985985
5502,lao,2001,0.980434
5502,lao,2002,0.976698
5502,lao,2003,0.978369
5502,lao,2004,0.977071
5502,lao,2005,0.976938
5502,lao,2006,0.975689
5502,lao,2007,0.974561
5502,lao,2008,0.972745
5502,lao,2009,0.968156
5502,lao,2010,0.962031
5502,lao,2011,0.968698
5502,lao,2012,0.969348
5502,lao,2013,0.960611
5502,lao,2014,0.958825
5502,lao,2015,0.943924
5502,lao,2016,0.959149
5502,lbn,1995,0.890711
5502,lbn,1996,0.91063
5502,lbn,1997,0.875978
5502,lbn,1998,0.864998
5502,lbn,1999,0.871653
5502,lbn,2000,0.862217
5502,lbn,2001,0.862987
5502,lbn,2002,0.847907
5502,lbn,2003,0.875258
5502,lbn,2004,0.853525
5502,lbn,2005,0.832988
5502,lbn,2006,0.827825
5502,lbn,2007,0.809306
5502,lbn,2008,0.834418
5502,lbn,2009,0.774763
5502,lbn,2010,0.858003
5502,lbn,2011,0.859615
5502,lbn,2012,0.854294
5502,lbn,2013,0.843018
5502,lbn,2014,0.832688
5502,lbn,2015,0.871512
5502,lbn,2016,0.884649
5502,lbr,1995,0.993767
5502,lbr,1996,0.993789
5502,lbr,1997,0.992307
5502,lbr,1998,0.993403
5502,lbr,1999,0.983338
5502,lbr,2000,0.992741
5502,lbr,2001,0.990508
5502,lbr,2002,0.98735
5502,lbr,2003,0.988987
5502,lbr,2004,0.989888
5502,lbr,2005,0.989701
5502,lbr,2006,0.991322
5502,lbr,2007,0.990337
5502,lbr,2008,0.981318
5502,lbr,2009,0.988204
5502,lbr,2010,0.983812
5502,lbr,2011,0.978092
5502,lbr,2012,0.982306
5502,lbr,2013,0.979487
5502,lbr,2014,0.989831
5502,lbr,2015,0.991556
5502,lbr,2016,0.98257
5502,lby,1995,0.986666
5502,lby,1996,0.991832
5502,lby,1997,0.990888
5502,lby,1998,0.988566
5502,lby,1999,0.986699
5502,lby,2000,0.988206
5502,lby,2001,0.991635
5502,lby,2002,0.991016
5502,lby,2003,0.989861
5502,lby,2004,0.991156
5502,lby,2005,0.990655
5502,lby,2006,0.99285
5502,lby,2007,0.992822
5502,lby,2008,0.991939
5502,lby,2009,0.992125
5502,lby,2010,0.993511
5502,lby,2011,0.996948
5502,lby,2012,0.999449
5502,lby,2013,0.997438
5502,lby,2014,0.99506
5502,lby,2015,0.99333
5502,lby,2016,0.991343
5502,lca,1995,0.960771
5502,lca,1996,0.967437
5502,lca,1997,0.963912
5502,lca,1998,0.976707
5502,lca,1999,0.968817
5502,lca,2000,0.974256
5502,lca,2001,0.963482
5502,lca,2002,0.963094
5502,lca,2003,0.95514
5502,lca,2004,0.964637
5502,lca,2005,0.973746
5502,lca,2006,0.96286
5502,lca,2007,0.956913
5502,lca,2008,0.965494
5502,lca,2009,0.968948
5502,lca,2010,0.960829
5502,lca,2011,0.966844
5502,lca,2012,0.961766
5502,lca,2013,0.976088
5502,lca,2014,0.982256
5502,lca,2015,0.969529
5502,lca,2016,0.98065
5502,lka,1995,0.937719
5502,lka,1996,0.935745
5502,lka,1997,0.951957
5502,lka,1998,0.939378
5502,lka,1999,0.931547
5502,lka,2000,0.945944
5502,lka,2001,0.934019
5502,lka,2002,0.93205
5502,lka,2003,0.933911
5502,lka,2004,0.928804
5502,lka,2005,0.93265
5502,lka,2006,0.923531
5502,lka,2007,0.92628
5502,lka,2008,0.923835
5502,lka,2009,0.918549
5502,lka,2010,0.928112
5502,lka,2011,0.912671
5502,lka,2012,0.910652
5502,lka,2013,0.916746
5502,lka,2014,0.918938
5502,lka,2015,0.927538
5502,lka,2016,0.925431
5502,ltu,1995,0.82215
5502,ltu,1996,0.835852
5502,ltu,1997,0.853682
5502,ltu,1998,0.865566
5502,ltu,1999,0.869223
5502,ltu,2000,0.88671
5502,ltu,2001,0.891073
5502,ltu,2002,0.890027
5502,ltu,2003,0.899222
5502,ltu,2004,0.868359
5502,ltu,2005,0.868358
5502,ltu,2006,0.847062
5502,ltu,2007,0.827956
5502,ltu,2008,0.845161
5502,ltu,2009,0.811146
5502,ltu,2010,0.797366
5502,ltu,2011,0.808749
5502,ltu,2012,0.792742
5502,ltu,2013,0.792445
5502,ltu,2014,0.757718
5502,ltu,2015,0.770308
5502,ltu,2016,0.822332
5502,lva,1995,0.887471
5502,lva,1996,0.885972
5502,lva,1997,0.895069
5502,lva,1998,0.881292
5502,lva,1999,0.875368
5502,lva,2000,0.902294
5502,lva,2001,0.88608
5502,lva,2002,0.882109
5502,lva,2003,0.883877
5502,lva,2004,0.880725
5502,lva,2005,0.872942
5502,lva,2006,0.861267
5502,lva,2007,0.856075
5502,lva,2008,0.841433
5502,lva,2009,0.834854
5502,lva,2010,0.823227
5502,lva,2011,0.82578
5502,lva,2012,0.825693
5502,lva,2013,0.8345
5502,lva,2014,0.832598
5502,lva,2015,0.826308
5502,lva,2016,0.856214
5502,mac,1995,0.935336
5502,mac,1996,0.951245
5502,mac,1997,0.952046
5502,mac,1998,0.950196
5502,mac,1999,0.959091
5502,mac,2000,0.973465
5502,mac,2001,0.967182
5502,mac,2002,0.970794
5502,mac,2003,0.975263
5502,mac,2004,0.978663
5502,mac,2005,0.963358
5502,mac,2006,0.953759
5502,mac,2007,0.943377
5502,mac,2008,0.921096
5502,mac,2009,0.913261
5502,mac,2010,0.897467
5502,mac,2011,0.890219
5502,mac,2012,0.893827
5502,mac,2013,0.918735
5502,mac,2014,0.902759
5502,mac,2015,0.92033
5502,mac,2016,0.917239
5502,mar,1995,0.926406
5502,mar,1996,0.931191
5502,mar,1997,0.941237
5502,mar,1998,0.92556
5502,mar,1999,0.919769
5502,mar,2000,0.946627
5502,mar,2001,0.935263
5502,mar,2002,0.934298
5502,mar,2003,0.938165
5502,mar,2004,0.937933
5502,mar,2005,0.936406
5502,mar,2006,0.925016
5502,mar,2007,0.930188
5502,mar,2008,0.9203
5502,mar,2009,0.902146
5502,mar,2010,0.923778
5502,mar,2011,0.921056
5502,mar,2012,0.915297
5502,mar,2013,0.915927
5502,mar,2014,0.917194
5502,mar,2015,0.9229
5502,mar,2016,0.932575
5502,mda,1995,0.895528
5502,mda,1996,0.910433
5502,mda,1997,0.935438
5502,mda,1998,0.927229
5502,mda,1999,0.91732
5502,mda,2000,0.919554
5502,mda,2001,0.923839
5502,mda,2002,0.919251
5502,mda,2003,0.930777
5502,mda,2004,0.944115
5502,mda,2005,0.93326
5502,mda,2006,0.914301
5502,mda,2007,0.915377
5502,mda,2008,0.918456
5502,mda,2009,0.911233
5502,mda,2010,0.921187
5502,mda,2011,0.910059
5502,mda,2012,0.899684
5502,mda,2013,0.913784
5502,mda,2014,0.927584
5502,mda,2015,0.921081
5502,mda,2016,0.941864
5502,mdg,1995,0.955435
5502,mdg,1996,0.954821
5502,mdg,1997,0.9627
5502,mdg,1998,0.96245
5502,mdg,1999,0.944719
5502,mdg,2000,0.953828
5502,mdg,2001,0.955099
5502,mdg,2002,0.9522
5502,mdg,2003,0.964404
5502,mdg,2004,0.964899
5502,mdg,2005,0.956794
5502,mdg,2006,0.958751
5502,mdg,2007,0.957839
5502,mdg,2008,0.957788
5502,mdg,2009,0.947131
5502,mdg,2010,0.94233
5502,mdg,2011,0.951863
5502,mdg,2012,0.949035
5502,mdg,2013,0.947556
5502,mdg,2014,0.951988
5502,mdg,2015,0.955451
5502,mdg,2016,0.962619
5502,mdv,1995,0.987724
5502,mdv,1996,0.983073
5502,mdv,1997,0.989513
5502,mdv,1998,0.98814
5502,mdv,1999,0.981216
5502,mdv,2000,0.993767
5502,mdv,2001,0.987791
5502,mdv,2002,0.98875
5502,mdv,2003,0.991466
5502,mdv,2004,0.985803
5502,mdv,2005,0.977658
5502,mdv,2006,0.982977
5502,mdv,2007,0.988689
5502,mdv,2008,0.980693
5502,mdv,2009,0.984873
5502,mdv,2010,0.988364
5502,mdv,2011,0.985998
5502,mdv,2012,0.987702
5502,mdv,2013,0.984642
5502,mdv,2014,0.989257
5502,mdv,2015,0.987572
5502,mdv,2016,0.991894
5502,mex,1995,0.77252
5502,mex,1996,0.763646
5502,mex,1997,0.775212
5502,mex,1998,0.771551
5502,mex,1999,0.777708
5502,mex,2000,0.846508
5502,mex,2001,0.775341
5502,mex,2002,0.791492
5502,mex,2003,0.845091
5502,mex,2004,0.834643
5502,mex,2005,0.825927
5502,mex,2006,0.776072
5502,mex,2007,0.84178
5502,mex,2008,0.772168
5502,mex,2009,0.77345
5502,mex,2010,0.768871
5502,mex,2011,0.79641
5502,mex,2012,0.783933
5502,mex,2013,0.771331
5502,mex,2014,0.776691
5502,mex,2015,0.777675
5502,mex,2016,0.780739
5502,mhl,1995,0.989743
5502,mhl,1996,0.982969
5502,mhl,1997,0.988965
5502,mhl,1998,0.992332
5502,mhl,1999,0.987205
5502,mhl,2000,0.97998
5502,mhl,2001,0.991286
5502,mhl,2002,0.992559
5502,mhl,2003,0.994112
5502,mhl,2004,0.993236
5502,mhl,2005,0.99587
5502,mhl,2006,0.994298
5502,mhl,2007,0.994841
5502,mhl,2008,0.996731
5502,mhl,2009,0.996086
5502,mhl,2010,0.987921
5502,mhl,2011,0.989382
5502,mhl,2012,0.991595
5502,mhl,2013,0.990967
5502,mhl,2014,0.992488
5502,mhl,2015,0.990969
5502,mhl,2016,0.984941
5502,mkd,1995,0.859513
5502,mkd,1996,0.81586
5502,mkd,1997,0.884815
5502,mkd,1998,0.845134
5502,mkd,1999,0.850117
5502,mkd,2000,0.896909
5502,mkd,2001,0.889284
5502,mkd,2002,0.894786
5502,mkd,2003,0.90858
5502,mkd,2004,0.904621
5502,mkd,2005,0.912384
5502,mkd,2006,0.918039
5502,mkd,2007,0.922566
5502,mkd,2008,0.923773
5502,mkd,2009,0.89868
5502,mkd,2010,0.906143
5502,mkd,2011,0.907118
5502,mkd,2012,0.903276
5502,mkd,2013,0.906558
5502,mkd,2014,0.911065
5502,mkd,2015,0.91532
5502,mkd,2016,0.9289
5502,mli,1995,0.971925
5502,mli,1996,0.975247
5502,mli,1997,0.981547
5502,mli,1998,0.976042
5502,mli,1999,0.978372
5502,mli,2000,0.947895
5502,mli,2001,0.967738
5502,mli,2002,0.976278
5502,mli,2003,0.978401
5502,mli,2004,0.970565
5502,mli,2005,0.971485
5502,mli,2006,0.955964
5502,mli,2007,0.951168
5502,mli,2008,0.945964
5502,mli,2009,0.944822
5502,mli,2010,0.959382
5502,mli,2011,0.953593
5502,mli,2012,0.956298
5502,mli,2013,0.972931
5502,mli,2014,0.975523
5502,mli,2015,0.975027
5502,mli,2016,0.968762
5502,mlt,1995,0.931863
5502,mlt,1996,0.923131
5502,mlt,1997,0.930607
5502,mlt,1998,0.949053
5502,mlt,1999,0.939285
5502,mlt,2000,0.947978
5502,mlt,2001,0.94348
5502,mlt,2002,0.949929
5502,mlt,2003,0.947722
5502,mlt,2004,0.939222
5502,mlt,2005,0.933676
5502,mlt,2006,0.939479
5502,mlt,2007,0.942487
5502,mlt,2008,0.952781
5502,mlt,2009,0.944129
5502,mlt,2010,0.934651
5502,mlt,2011,0.930098
5502,mlt,2012,0.934978
5502,mlt,2013,0.941927
5502,mlt,2014,0.938954
5502,mlt,2015,0.940934
5502,mlt,2016,0.937025
5502,mmr,1995,0.9727
5502,mmr,1996,0.972035
5502,mmr,1997,0.975471
5502,mmr,1998,0.965637
5502,mmr,1999,0.959117
5502,mmr,2000,0.978549
5502,mmr,2001,0.973669
5502,mmr,2002,0.975199
5502,mmr,2003,0.977743
5502,mmr,2004,0.964511
5502,mmr,2005,0.978255
5502,mmr,2006,0.978367
5502,mmr,2007,0.97634
5502,mmr,2008,0.973691
5502,mmr,2009,0.969892
5502,mmr,2010,0.965902
5502,mmr,2011,0.965362
5502,mmr,2012,0.951014
5502,mmr,2013,0.964572
5502,mmr,2014,0.970731
5502,mmr,2015,0.958068
5502,mmr,2016,0.951251
5502,mng,1995,0.972744
5502,mng,1996,0.97434
5502,mng,1997,0.962266
5502,mng,1998,0.957299
5502,mng,1999,0.953591
5502,mng,2000,0.964078
5502,mng,2001,0.966952
5502,mng,2002,0.962239
5502,mng,2003,0.970311
5502,mng,2004,0.973658
5502,mng,2005,0.973401
5502,mng,2006,0.974622
5502,mng,2007,0.978204
5502,mng,2008,0.976807
5502,mng,2009,0.970851
5502,mng,2010,0.976385
5502,mng,2011,0.984103
5502,mng,2012,0.980226
5502,mng,2013,0.980857
5502,mng,2014,0.981672
5502,mng,2015,0.979441
5502,mng,2016,0.976766
5502,mnp,1995,0.975903
5502,mnp,1996,0.977968
5502,mnp,1997,0.990765
5502,mnp,1998,0.983218
5502,mnp,1999,0.983311
5502,mnp,2000,0.977905
5502,mnp,2001,0.98012
5502,mnp,2002,0.972586
5502,mnp,2003,0.963304
5502,mnp,2004,0.963571
5502,mnp,2005,0.96392
5502,mnp,2006,0.948106
5502,mnp,2007,0.964697
5502,mnp,2008,0.945703
5502,mnp,2009,0.902083
5502,mnp,2010,0.927763
5502,mnp,2011,0.923163
5502,mnp,2012,0.922544
5502,mnp,2013,0.925659
5502,mnp,2014,0.948709
5502,mnp,2015,0.964283
5502,mnp,2016,0.977638
5502,moz,1995,0.973264
5502,moz,1996,0.974993
5502,moz,1997,0.966456
5502,moz,1998,0.964129
5502,moz,1999,0.949834
5502,moz,2000,0.955002
5502,moz,2001,0.974026
5502,moz,2002,0.974806
5502,moz,2003,0.979297
5502,moz,2004,0.980941
5502,moz,2005,0.983633
5502,moz,2006,0.975564
5502,moz,2007,0.97285
5502,moz,2008,0.95902
5502,moz,2009,0.943227
5502,moz,2010,0.967226
5502,moz,2011,0.968622
5502,moz,2012,0.96839
5502,moz,2013,0.963919
5502,moz,2014,0.968553
5502,moz,2015,0.964972
5502,moz,2016,0.974305
5502,mrt,1995,0.996903
5502,mrt,1996,0.990719
5502,mrt,1997,0.994105
5502,mrt,1998,0.993494
5502,mrt,1999,0.992331
5502,mrt,2000,0.99274
5502,mrt,2001,0.990276
5502,mrt,2002,0.987344
5502,mrt,2003,0.990807
5502,mrt,2004,0.992348
5502,mrt,2005,0.995851
5502,mrt,2006,0.991164
5502,mrt,2007,0.994146
5502,mrt,2008,0.993065
5502,mrt,2009,0.994842
5502,mrt,2010,0.994365
5502,mrt,2011,0.992275
5502,mrt,2012,0.988353
5502,mrt,2013,0.992628
5502,mrt,2014,0.990207
5502,mrt,2015,0.993797
5502,mrt,2016,0.991588
5502,msr,1995,0.977846
5502,msr,1996,0.982913
5502,msr,1997,0.967003
5502,msr,1998,0.949691
5502,msr,1999,0.93906
5502,msr,2000,0.949933
5502,msr,2001,0.966597
5502,msr,2002,0.954862
5502,msr,2003,0.954607
5502,msr,2004,0.943854
5502,msr,2005,0.955003
5502,msr,2006,0.936297
5502,msr,2007,0.950768
5502,msr,2008,0.960213
5502,msr,2009,0.958027
5502,msr,2010,0.961629
5502,msr,2011,0.949064
5502,msr,2012,0.944371
5502,msr,2013,0.951151
5502,msr,2014,0.949763
5502,msr,2015,0.954496
5502,msr,2016,0.954438
5502,mtq,1995,0.957889
5502,mus,1995,0.940987
5502,mus,1996,0.95446
5502,mus,1997,0.957554
5502,mus,1998,0.947868
5502,mus,1999,0.950144
5502,mus,2000,0.951929
5502,mus,2001,0.946337
5502,mus,2002,0.933103
5502,mus,2003,0.9405
5502,mus,2004,0.935787
5502,mus,2005,0.937761
5502,mus,2006,0.93596
5502,mus,2007,0.937498
5502,mus,2008,0.917516
5502,mus,2009,0.916754
5502,mus,2010,0.91155
5502,mus,2011,0.899543
5502,mus,2012,0.884241
5502,mus,2013,0.910758
5502,mus,2014,0.917024
5502,mus,2015,0.927111
5502,mus,2016,0.92634
5502,mwi,1995,0.968077
5502,mwi,1996,0.977124
5502,mwi,1997,0.984429
5502,mwi,1998,0.98544
5502,mwi,1999,0.977943
5502,mwi,2000,0.975763
5502,mwi,2001,0.973129
5502,mwi,2002,0.984025
5502,mwi,2003,0.986656
5502,mwi,2004,0.985506
5502,mwi,2005,0.986477
5502,mwi,2006,0.978409
5502,mwi,2007,0.976576
5502,mwi,2008,0.977805
5502,mwi,2009,0.972083
5502,mwi,2010,0.964836
5502,mwi,2011,0.966431
5502,mwi,2012,0.972381
5502,mwi,2013,0.957755
5502,mwi,2014,0.95303
5502,mwi,2015,0.95509
5502,mwi,2016,0.985521
5502,mys,1995,0.886892
5502,mys,1996,0.874427
5502,mys,1997,0.875013
5502,mys,1998,0.871382
5502,mys,1999,0.880375
5502,mys,2000,0.88669
5502,mys,2001,0.866659
5502,mys,2002,0.883504
5502,mys,2003,0.889882
5502,mys,2004,0.891406
5502,mys,2005,0.891634
5502,mys,2006,0.877381
5502,mys,2007,0.884213
5502,mys,2008,0.864741
5502,mys,2009,0.849456
5502,mys,2010,0.867584
5502,mys,2011,0.851078
5502,mys,2012,0.842637
5502,mys,2013,0.826393
5502,mys,2014,0.832392
5502,mys,2015,0.829646
5502,mys,2016,0.786902
5502,ncl,1995,0.993478
5502,ncl,1996,0.994739
5502,ncl,1997,0.991872
5502,ncl,1998,0.992084
5502,ncl,1999,0.986632
5502,ncl,2000,0.989209
5502,ncl,2001,0.98956
5502,ncl,2002,0.987813
5502,ncl,2003,0.986752
5502,ncl,2004,0.984094
5502,ncl,2005,0.984913
5502,ncl,2006,0.987224
5502,ncl,2007,0.988721
5502,ncl,2008,0.988717
5502,ncl,2009,0.976191
5502,ncl,2010,0.981534
5502,ncl,2011,0.990587
5502,ncl,2012,0.985879
5502,ncl,2013,0.984031
5502,ncl,2014,0.985444
5502,ncl,2015,0.98844
5502,ncl,2016,0.991222
5502,ner,1995,0.971823
5502,ner,1996,0.965392
5502,ner,1997,0.975055
5502,ner,1998,0.982591
5502,ner,1999,0.983234
5502,ner,2000,0.965057
5502,ner,2001,0.955324
5502,ner,2002,0.925519
5502,ner,2003,0.934541
5502,ner,2004,0.969841
5502,ner,2005,0.969126
5502,ner,2006,0.969615
5502,ner,2007,0.960178
5502,ner,2008,0.935859
5502,ner,2009,0.970921
5502,ner,2010,0.971789
5502,ner,2011,0.976862
5502,ner,2012,0.981785
5502,ner,2013,0.995234
5502,ner,2014,0.976259
5502,ner,2015,0.990551
5502,ner,2016,0.989494
5502,nfk,1995,0.996149
5502,nfk,1996,0.981418
5502,nfk,1997,0.968866
5502,nfk,1998,0.975458
5502,nfk,1999,0.978199
5502,nfk,2000,0.982783
5502,nfk,2001,0.973287
5502,nfk,2002,0.975427
5502,nfk,2003,0.970377
5502,nfk,2004,0.988517
5502,nfk,2005,0.977526
5502,nfk,2006,0.964299
5502,nfk,2007,0.966195
5502,nfk,2008,0.95474
5502,nfk,2009,0.950835
5502,nfk,2010,0.970523
5502,nfk,2011,0.967985
5502,nfk,2012,0.957747
5502,nfk,2013,0.958196
5502,nfk,2014,0.968689
5502,nfk,2015,0.971158
5502,nfk,2016,0.964815
5502,nga,1995,0.989062
5502,nga,1996,0.987908
5502,nga,1997,0.985266
5502,nga,1998,0.982832
5502,nga,1999,0.98793
5502,nga,2000,0.992455
5502,nga,2001,0.993477
5502,nga,2002,0.988158
5502,nga,2003,0.993379
5502,nga,2004,0.992285
5502,nga,2005,0.996434
5502,nga,2006,0.992849
5502,nga,2007,0.985124
5502,nga,2008,0.985076
5502,nga,2009,0.979773
5502,nga,2010,0.985617
5502,nga,2011,0.986945
5502,nga,2012,0.979513
5502,nga,2013,0.976007
5502,nga,2014,0.977841
5502,nga,2015,0.988684
5502,nga,2016,0.982001
5502,nic,1995,0.932724
5502,nic,1996,0.943904
5502,nic,1997,0.948543
5502,nic,1998,0.948198
5502,nic,1999,0.946923
5502,nic,2000,0.944967
5502,nic,2001,0.951538
5502,nic,2002,0.937097
5502,nic,2003,0.959589
5502,nic,2004,0.95616
5502,nic,2005,0.967522
5502,nic,2006,0.959337
5502,nic,2007,0.960092
5502,nic,2008,0.955559
5502,nic,2009,0.949729
5502,nic,2010,0.95272
5502,nic,2011,0.955499
5502,nic,2012,0.939002
5502,nic,2013,0.945875
5502,nic,2014,0.954903
5502,nic,2015,0.960275
5502,nic,2016,0.971782
5502,niu,1995,0.972963
5502,niu,1996,0.976235
5502,niu,1997,0.978427
5502,niu,1998,0.987362
5502,niu,1999,0.970525
5502,niu,2000,0.955798
5502,niu,2001,0.952671
5502,niu,2002,0.974931
5502,niu,2003,0.976069
5502,niu,2004,0.970087
5502,niu,2005,0.965282
5502,niu,2006,0.949148
5502,niu,2007,0.96037
5502,niu,2008,0.935698
5502,niu,2009,0.953343
5502,niu,2010,0.984322
5502,niu,2011,0.941345
5502,niu,2012,0.933388
5502,niu,2013,0.939555
5502,niu,2014,0.923068
5502,niu,2015,0.930153
5502,niu,2016,0.943369
5502,nld,1995,0.642671
5502,nld,1996,0.64112
5502,nld,1997,0.639169
5502,nld,1998,0.641183
5502,nld,1999,0.642433
5502,nld,2000,0.64947
5502,nld,2001,0.673563
5502,nld,2002,0.65093
5502,nld,2003,0.642458
5502,nld,2004,0.634254
5502,nld,2005,0.62886
5502,nld,2006,0.636078
5502,nld,2007,0.640549
5502,nld,2008,0.645545
5502,nld,2009,0.645031
5502,nld,2010,0.648133
5502,nld,2011,0.609471
5502,nld,2012,0.628797
5502,nld,2013,0.6241
5502,nld,2014,0.626828
5502,nld,2015,0.605652
5502,nld,2016,0.62972
5502,nor,1995,0.891008
5502,nor,1996,0.896298
5502,nor,1997,0.901362
5502,nor,1998,0.871189
5502,nor,1999,0.885391
5502,nor,2000,0.900156
5502,nor,2001,0.908807
5502,nor,2002,0.889233
5502,nor,2003,0.885923
5502,nor,2004,0.891717
5502,nor,2005,0.914719
5502,nor,2006,0.920488
5502,nor,2007,0.904783
5502,nor,2008,0.916154
5502,nor,2009,0.902208
5502,nor,2010,0.900222
5502,nor,2011,0.91451
5502,nor,2012,0.907155
5502,nor,2013,0.903893
5502,nor,2014,0.898512
5502,nor,2015,0.892015
5502,nor,2016,0.892445
5502,npl,1995,0.959519
5502,npl,1996,0.955894
5502,npl,1997,0.945836
5502,npl,1998,0.939783
5502,npl,1999,0.913421
5502,npl,2000,0.935544
5502,npl,2001,0.961475
5502,npl,2002,0.955881
5502,npl,2003,0.89231
5502,npl,2004,0.951035
5502,npl,2005,0.944462
5502,npl,2006,0.908273
5502,npl,2007,0.924312
5502,npl,2008,0.915045
5502,npl,2009,0.888521
5502,npl,2010,0.900844
5502,npl,2011,0.898779
5502,npl,2012,0.898625
5502,npl,2013,0.911149
5502,npl,2014,0.899684
5502,npl,2015,0.914631
5502,npl,2016,0.93384
5502,nru,1995,0.985475
5502,nru,1996,0.980789
5502,nru,1997,0.975448
5502,nru,1998,0.973442
5502,nru,1999,0.976375
5502,nru,2000,0.972407
5502,nru,2001,0.942202
5502,nru,2002,0.963075
5502,nru,2003,0.959503
5502,nru,2004,0.955841
5502,nru,2005,0.938581
5502,nru,2006,0.937464
5502,nru,2007,0.960148
5502,nru,2008,0.990758
5502,nru,2009,0.972572
5502,nru,2010,0.983713
5502,nru,2011,0.985488
5502,nru,2012,0.98584
5502,nru,2013,0.986721
5502,nru,2014,0.976886
5502,nru,2015,0.96617
5502,nru,2016,0.963246
5502,nzl,1995,0.855073
5502,nzl,1996,0.860106
5502,nzl,1997,0.860592
5502,nzl,1998,0.850443
5502,nzl,1999,0.849737
5502,nzl,2000,0.852925
5502,nzl,2001,0.862989
5502,nzl,2002,0.839589
5502,nzl,2003,0.839506
5502,nzl,2004,0.835557
5502,nzl,2005,0.857518
5502,nzl,2006,0.847237
5502,nzl,2007,0.849432
5502,nzl,2008,0.855456
5502,nzl,2009,0.854261
5502,nzl,2010,0.865776
5502,nzl,2011,0.875021
5502,nzl,2012,0.817917
5502,nzl,2013,0.880477
5502,nzl,2014,0.884642
5502,nzl,2015,0.893779
5502,nzl,2016,0.908437
5502,omn,1995,0.971735
5502,omn,1996,0.985855
5502,omn,1997,0.970616
5502,omn,1998,0.95721
5502,omn,1999,0.961824
5502,omn,2000,0.974969
5502,omn,2001,0.986017
5502,omn,2002,0.980354
5502,omn,2003,0.982735
5502,omn,2004,0.966622
5502,omn,2005,0.974194
5502,omn,2006,0.977167
5502,omn,2007,0.968631
5502,omn,2008,0.976101
5502,omn,2009,0.964005
5502,omn,2010,0.969082
5502,omn,2011,0.966885
5502,omn,2012,0.976795
5502,omn,2013,0.973377
5502,omn,2014,0.973583
5502,omn,2015,0.962177
5502,omn,2016,0.950734
5502,pak,1995,0.939201
5502,pak,1996,0.932893
5502,pak,1997,0.954584
5502,pak,1998,0.942522
5502,pak,1999,0.936431
5502,pak,2000,0.941333
5502,pak,2001,0.945448
5502,pak,2002,0.941893
5502,pak,2003,0.927406
5502,pak,2004,0.928776
5502,pak,2005,0.919526
5502,pak,2006,0.907403
5502,pak,2007,0.915163
5502,pak,2008,0.908261
5502,pak,2009,0.903962
5502,pak,2010,0.914698
5502,pak,2011,0.908973
5502,pak,2012,0.894541
5502,pak,2013,0.905896
5502,pak,2014,0.903486
5502,pak,2015,0.913968
5502,pak,2016,0.929617
5502,pan,1995,0.903482
5502,pan,1996,0.940311
5502,pan,1997,0.918981
5502,pan,1998,0.88655
5502,pan,1999,0.880448
5502,pan,2000,0.901736
5502,pan,2001,0.898545
5502,pan,2002,0.901082
5502,pan,2003,0.927867
5502,pan,2004,0.897985
5502,pan,2005,0.921666
5502,pan,2006,0.889721
5502,pan,2007,0.891202
5502,pan,2008,0.883657
5502,pan,2009,0.900107
5502,pan,2010,0.884168
5502,pan,2011,0.882341
5502,pan,2012,0.837851
5502,pan,2013,0.882695
5502,pan,2014,0.915866
5502,pan,2015,0.920569
5502,pan,2016,0.875723
5502,pcn,1995,0.988572
5502,pcn,1996,0.987253
5502,pcn,1997,0.98746
5502,pcn,1998,0.985279
5502,pcn,1999,0.984709
5502,pcn,2000,0.975689
5502,pcn,2001,0.981877
5502,pcn,2002,0.972309
5502,pcn,2003,0.971557
5502,pcn,2004,0.979281
5502,pcn,2005,0.975786
5502,pcn,2006,0.989042
5502,pcn,2007,0.9793
5502,pcn,2008,0.964469
5502,pcn,2009,0.954456
5502,pcn,2010,0.962682
5502,pcn,2011,0.915325
5502,pcn,2012,0.920198
5502,pcn,2013,0.957264
5502,pcn,2014,0.960911
5502,pcn,2015,0.978809
5502,pcn,2016,0.951896
5502,per,1995,0.923083
5502,per,1996,0.91605
5502,per,1997,0.925783
5502,per,1998,0.905938
5502,per,1999,0.903687
5502,per,2000,0.915475
5502,per,2001,0.908311
5502,per,2002,0.911947
5502,per,2003,0.91707
5502,per,2004,0.917071
5502,per,2005,0.926912
5502,per,2006,0.920309
5502,per,2007,0.928228
5502,per,2008,0.913988
5502,per,2009,0.909532
5502,per,2010,0.917914
5502,per,2011,0.908201
5502,per,2012,0.894324
5502,per,2013,0.899078
5502,per,2014,0.89998
5502,per,2015,0.90253
5502,per,2016,0.925006
5502,phl,1995,0.90618
5502,phl,1996,0.897938
5502,phl,1997,0.910159
5502,phl,1998,0.909093
5502,phl,1999,0.92847
5502,phl,2000,0.937379
5502,phl,2001,0.914185
5502,phl,2002,0.921114
5502,phl,2003,0.92611
5502,phl,2004,0.92305
5502,phl,2005,0.918259
5502,phl,2006,0.912468
5502,phl,2007,0.925417
5502,phl,2008,0.90875
5502,phl,2009,0.908863
5502,phl,2010,0.909197
5502,phl,2011,0.877169
5502,phl,2012,0.861892
5502,phl,2013,0.866787
5502,phl,2014,0.865573
5502,phl,2015,0.869247
5502,phl,2016,0.867554
5502,plw,1995,0.990382
5502,plw,1996,0.986077
5502,plw,1997,0.990985
5502,plw,1998,0.987644
5502,plw,1999,0.990645
5502,plw,2000,0.994475
5502,plw,2001,0.993676
5502,plw,2002,0.99587
5502,plw,2003,0.988826
5502,plw,2004,0.988573
5502,plw,2005,0.986817
5502,plw,2006,0.992897
5502,plw,2007,0.989637
5502,plw,2008,0.986756
5502,plw,2009,0.981039
5502,plw,2010,0.987491
5502,plw,2011,0.984516
5502,plw,2012,0.983716
5502,plw,2013,0.986041
5502,plw,2014,0.987979
5502,plw,2015,0.990684
5502,plw,2016,0.990796
5502,png,1995,0.991677
5502,png,1996,0.988851
5502,png,1997,0.992153
5502,png,1998,0.985602
5502,png,1999,0.987865
5502,png,2000,0.985137
5502,png,2001,0.985554
5502,png,2002,0.986066
5502,png,2003,0.98776
5502,png,2004,0.982216
5502,png,2005,0.985664
5502,png,2006,0.990075
5502,png,2007,0.990689
5502,png,2008,0.987586
5502,png,2009,0.985204
5502,png,2010,0.989197
5502,png,2011,0.969669
5502,png,2012,0.972667
5502,png,2013,0.985438
5502,png,2014,0.985604
5502,png,2015,0.988678
5502,png,2016,0.991582
5502,pol,1995,0.752171
5502,pol,1996,0.742403
5502,pol,1997,0.742656
5502,pol,1998,0.710188
5502,pol,1999,0.70139
5502,pol,2000,0.732357
5502,pol,2001,0.71785
5502,pol,2002,0.718148
5502,pol,2003,0.73303
5502,pol,2004,0.738841
5502,pol,2005,0.73505
5502,pol,2006,0.709506
5502,pol,2007,0.717364
5502,pol,2008,0.708569
5502,pol,2009,0.712645
5502,pol,2010,0.711949
5502,pol,2011,0.691923
5502,pol,2012,0.674328
5502,pol,2013,0.692451
5502,pol,2014,0.69096
5502,pol,2015,0.683745
5502,pol,2016,0.723752
5502,prk,1995,0.871765
5502,prk,1996,0.833695
5502,prk,1997,0.863038
5502,prk,1998,0.845785
5502,prk,1999,0.833488
5502,prk,2000,0.856315
5502,prk,2001,0.840499
5502,prk,2002,0.871066
5502,prk,2003,0.872963
5502,prk,2004,0.885356
5502,prk,2005,0.853987
5502,prk,2006,0.840544
5502,prk,2007,0.893136
5502,prk,2008,0.845572
5502,prk,2009,0.853186
5502,prk,2010,0.893118
5502,prk,2011,0.917778
5502,prk,2012,0.916055
5502,prk,2013,0.925204
5502,prk,2014,0.917897
5502,prk,2015,0.936051
5502,prk,2016,0.934517
5502,prt,1995,0.833452
5502,prt,1996,0.846407
5502,prt,1997,0.86178
5502,prt,1998,0.830689
5502,prt,1999,0.813667
5502,prt,2000,0.809127
5502,prt,2001,0.806216
5502,prt,2002,0.801144
5502,prt,2003,0.820673
5502,prt,2004,0.834496
5502,prt,2005,0.810041
5502,prt,2006,0.787982
5502,prt,2007,0.786793
5502,prt,2008,0.767672
5502,prt,2009,0.739744
5502,prt,2010,0.754204
5502,prt,2011,0.748172
5502,prt,2012,0.724125
5502,prt,2013,0.746317
5502,prt,2014,0.742318
5502,prt,2015,0.771079
5502,prt,2016,0.782281
5502,pry,1995,0.946033
5502,pry,1996,0.95681
5502,pry,1997,0.963931
5502,pry,1998,0.951198
5502,pry,1999,0.955551
5502,pry,2000,0.967525
5502,pry,2001,0.970079
5502,pry,2002,0.957188
5502,pry,2003,0.958554
5502,pry,2004,0.969034
5502,pry,2005,0.963627
5502,pry,2006,0.951635
5502,pry,2007,0.952348
5502,pry,2008,0.958719
5502,pry,2009,0.953777
5502,pry,2010,0.957866
5502,pry,2011,0.967194
5502,pry,2012,0.958627
5502,pry,2013,0.959087
5502,pry,2014,0.962322
5502,pry,2015,0.962864
5502,pry,2016,0.972381
5502,pyf,1995,0.978938
5502,pyf,1996,0.979328
5502,pyf,1997,0.981338
5502,pyf,1998,0.985528
5502,pyf,1999,0.989409
5502,pyf,2000,0.984057
5502,pyf,2001,0.979715
5502,pyf,2002,0.976454
5502,pyf,2003,0.97634
5502,pyf,2004,0.978067
5502,pyf,2005,0.979053
5502,pyf,2006,0.977536
5502,pyf,2007,0.982407
5502,pyf,2008,0.974371
5502,pyf,2009,0.964492
5502,pyf,2010,0.975382
5502,pyf,2011,0.96115
5502,pyf,2012,0.972415
5502,pyf,2013,0.97501
5502,pyf,2014,0.970349
5502,pyf,2015,0.97433
5502,pyf,2016,0.970792
5502,qat,1995,0.987837
5502,qat,1996,0.991602
5502,qat,1997,0.993896
5502,qat,1998,0.991038
5502,qat,1999,0.98558
5502,qat,2000,0.990444
5502,qat,2001,0.987217
5502,qat,2002,0.986782
5502,qat,2003,0.982969
5502,qat,2004,0.976908
5502,qat,2005,0.982218
5502,qat,2006,0.983147
5502,qat,2007,0.981489
5502,qat,2008,0.98551
5502,qat,2009,0.983237
5502,qat,2010,0.980851
5502,qat,2011,0.982805
5502,qat,2012,0.984303
5502,qat,2013,0.985113
5502,qat,2014,0.984091
5502,qat,2015,0.976364
5502,qat,2016,0.980964
5502,reu,1995,0.938712
5502,rou,1995,0.820628
5502,rou,1996,0.839821
5502,rou,1997,0.849632
5502,rou,1998,0.842462
5502,rou,1999,0.842881
5502,rou,2000,0.869409
5502,rou,2001,0.861869
5502,rou,2002,0.856076
5502,rou,2003,0.855698
5502,rou,2004,0.859483
5502,rou,2005,0.863748
5502,rou,2006,0.843416
5502,rou,2007,0.828651
5502,rou,2008,0.825935
5502,rou,2009,0.829599
5502,rou,2010,0.826612
5502,rou,2011,0.825572
5502,rou,2012,0.80823
5502,rou,2013,0.816443
5502,rou,2014,0.813102
5502,rou,2015,0.816973
5502,rou,2016,0.83861
5502,rus,1995,0.87208
5502,rus,1996,0.867687
5502,rus,1997,0.88267
5502,rus,1998,0.855764
5502,rus,1999,0.861258
5502,rus,2000,0.861262
5502,rus,2001,0.877966
5502,rus,2002,0.864223
5502,rus,2003,0.860987
5502,rus,2004,0.895119
5502,rus,2005,0.898517
5502,rus,2006,0.898846
5502,rus,2007,0.91416
5502,rus,2008,0.909295
5502,rus,2009,0.910653
5502,rus,2010,0.918425
5502,rus,2011,0.931492
5502,rus,2012,0.924097
5502,rus,2013,0.923653
5502,rus,2014,0.92002
5502,rus,2015,0.918009
5502,rus,2016,0.907597
5502,rwa,1995,0.979717
5502,rwa,1996,0.977242
5502,rwa,1997,0.973845
5502,rwa,1998,0.981962
5502,rwa,1999,0.978309
5502,rwa,2000,0.977235
5502,rwa,2001,0.986383
5502,rwa,2002,0.977359
5502,rwa,2003,0.982831
5502,rwa,2004,0.990001
5502,rwa,2005,0.975347
5502,rwa,2006,0.983894
5502,rwa,2007,0.9788
5502,rwa,2008,0.978022
5502,rwa,2009,0.95859
5502,rwa,2010,0.970789
5502,rwa,2011,0.980834
5502,rwa,2012,0.975481
5502,rwa,2013,0.976367
5502,rwa,2014,0.975727
5502,rwa,2015,0.943081
5502,rwa,2016,0.953665
5502,sau,1995,0.969764
5502,sau,1996,0.975875
5502,sau,1997,0.978118
5502,sau,1998,0.954656
5502,sau,1999,0.972695
5502,sau,2000,0.965454
5502,sau,2001,0.966664
5502,sau,2002,0.954562
5502,sau,2003,0.954942
5502,sau,2004,0.963194
5502,sau,2005,0.963615
5502,sau,2006,0.970641
5502,sau,2007,0.973628
5502,sau,2008,0.980239
5502,sau,2009,0.976781
5502,sau,2010,0.966816
5502,sau,2011,0.972531
5502,sau,2012,0.974498
5502,sau,2013,0.973956
5502,sau,2014,0.975644
5502,sau,2015,0.950647
5502,sau,2016,0.953456
5502,scg,1995,0.844715
5502,scg,1996,0.76769
5502,scg,1997,0.821871
5502,scg,1998,0.827475
5502,scg,1999,0.762942
5502,scg,2000,0.792682
5502,scg,2001,0.801735
5502,scg,2002,0.80505
5502,scg,2003,0.82235
5502,scg,2004,0.783394
5502,scg,2005,0.810411
5502,sdn,1995,0.974295
5502,sdn,1996,0.980176
5502,sdn,1997,0.983411
5502,sdn,1998,0.970996
5502,sdn,1999,0.97751
5502,sdn,2000,0.985397
5502,sdn,2001,0.987268
5502,sdn,2002,0.985488
5502,sdn,2003,0.982573
5502,sdn,2004,0.986658
5502,sdn,2005,0.990358
5502,sdn,2006,0.989858
5502,sdn,2007,0.992423
5502,sdn,2008,0.994142
5502,sdn,2009,0.992119
5502,sdn,2010,0.991488
5502,sdn,2011,0.990345
5502,sdn,2012,0.979649
5502,sdn,2013,0.975486
5502,sdn,2014,0.979513
5502,sdn,2015,0.980147
5502,sdn,2016,0.979569
5502,sen,1995,0.968551
5502,sen,1996,0.943833
5502,sen,1997,0.944091
5502,sen,1998,0.92873
5502,sen,1999,0.928302
5502,sen,2000,0.9393
5502,sen,2001,0.932891
5502,sen,2002,0.928701
5502,sen,2003,0.918029
5502,sen,2004,0.918979
5502,sen,2005,0.920035
5502,sen,2006,0.906316
5502,sen,2007,0.888906
5502,sen,2008,0.917323
5502,sen,2009,0.917706
5502,sen,2010,0.919998
5502,sen,2011,0.934838
5502,sen,2012,0.906598
5502,sen,2013,0.883525
5502,sen,2014,0.911032
5502,sen,2015,0.921198
5502,sen,2016,0.939161
5502,sgp,1995,0.871643
5502,sgp,1996,0.85648
5502,sgp,1997,0.85993
5502,sgp,1998,0.866233
5502,sgp,1999,0.851729
5502,sgp,2000,0.852501
5502,sgp,2001,0.82995
5502,sgp,2002,0.832371
5502,sgp,2003,0.822223
5502,sgp,2004,0.827488
5502,sgp,2005,0.812401
5502,sgp,2006,0.833188
5502,sgp,2007,0.822287
5502,sgp,2008,0.792419
5502,sgp,2009,0.824538
5502,sgp,2010,0.825475
5502,sgp,2011,0.827061
5502,sgp,2012,0.820174
5502,sgp,2013,0.817997
5502,sgp,2014,0.821991
5502,sgp,2015,0.833891
5502,sgp,2016,0.706921
5502,shn,1995,0.97459
5502,shn,1996,0.964157
5502,shn,1997,0.939199
5502,shn,1998,0.931021
5502,shn,1999,0.938144
5502,shn,2000,0.92325
5502,shn,2001,0.950201
5502,shn,2002,0.940944
5502,shn,2003,0.944578
5502,shn,2004,0.92787
5502,shn,2005,0.94473
5502,shn,2006,0.943449
5502,shn,2007,0.949101
5502,shn,2008,0.970506
5502,shn,2009,0.952573
5502,shn,2010,0.96027
5502,shn,2011,0.95727
5502,shn,2012,0.948284
5502,shn,2013,0.958987
5502,shn,2014,0.946957
5502,shn,2015,0.961387
5502,shn,2016,0.964541
5502,slb,1995,0.991389
5502,slb,1996,0.991489
5502,slb,1997,0.994173
5502,slb,1998,0.990356
5502,slb,1999,0.991106
5502,slb,2000,0.983015
5502,slb,2001,0.977273
5502,slb,2002,0.982846
5502,slb,2003,0.989256
5502,slb,2004,0.991695
5502,slb,2005,0.992533
5502,slb,2006,0.993161
5502,slb,2007,0.986865
5502,slb,2008,0.993856
5502,slb,2009,0.991796
5502,slb,2010,0.99569
5502,slb,2011,0.99176
5502,slb,2012,0.98601
5502,slb,2013,0.987781
5502,slb,2014,0.991722
5502,slb,2015,0.987105
5502,slb,2016,0.990827
5502,sle,1995,0.967471
5502,sle,1996,0.957412
5502,sle,1997,0.967257
5502,sle,1998,0.958583
5502,sle,1999,0.944521
5502,sle,2000,0.946826
5502,sle,2001,0.920388
5502,sle,2002,0.923916
5502,sle,2003,0.947873
5502,sle,2004,0.933623
5502,sle,2005,0.937405
5502,sle,2006,0.940213
5502,sle,2007,0.948184
5502,sle,2008,0.948863
5502,sle,2009,0.927228
5502,sle,2010,0.941515
5502,sle,2011,0.958116
5502,sle,2012,0.977241
5502,sle,2013,0.982476
5502,sle,2014,0.989314
5502,sle,2015,0.966242
5502,sle,2016,0.969208
5502,slv,1995,0.910137
5502,slv,1996,0.914823
5502,slv,1997,0.929279
5502,slv,1998,0.913118
5502,slv,1999,0.909935
5502,slv,2000,0.927792
5502,slv,2001,0.919604
5502,slv,2002,0.920686
5502,slv,2003,0.929125
5502,slv,2004,0.916636
5502,slv,2005,0.923664
5502,slv,2006,0.904047
5502,slv,2007,0.916689
5502,slv,2008,0.90238
5502,slv,2009,0.906984
5502,slv,2010,0.912717
5502,slv,2011,0.905869
5502,slv,2012,0.898559
5502,slv,2013,0.899452
5502,slv,2014,0.893631
5502,slv,2015,0.901914
5502,slv,2016,0.903066
5502,som,1995,0.985897
5502,som,1996,0.989973
5502,som,1997,0.981772
5502,som,1998,0.982367
5502,som,1999,0.980463
5502,som,2000,0.98508
5502,som,2001,0.976971
5502,som,2002,0.975172
5502,som,2003,0.974851
5502,som,2004,0.985493
5502,som,2005,0.981183
5502,som,2006,0.985061
5502,som,2007,0.9567
5502,som,2008,0.973672
5502,som,2009,0.981633
5502,som,2010,0.992353
5502,som,2011,0.990834
5502,som,2012,0.98668
5502,som,2013,0.984342
5502,som,2014,0.989819
5502,som,2015,0.990439
5502,som,2016,0.9866
5502,spm,1995,0.965658
5502,spm,1996,0.974736
5502,spm,1997,0.964819
5502,spm,1998,0.943752
5502,spm,1999,0.977731
5502,spm,2000,0.986062
5502,spm,2001,0.988034
5502,spm,2002,0.987809
5502,spm,2003,0.982805
5502,spm,2004,0.989021
5502,spm,2005,0.990015
5502,spm,2006,0.979404
5502,spm,2007,0.988928
5502,spm,2008,0.983445
5502,spm,2009,0.985171
5502,spm,2010,0.988255
5502,spm,2011,0.987087
5502,spm,2012,0.982226
5502,spm,2013,0.986003
5502,spm,2014,0.977422
5502,spm,2015,0.962012
5502,spm,2016,0.970871
5502,stp,1995,0.961395
5502,stp,1996,0.967789
5502,stp,1997,0.968659
5502,stp,1998,0.960007
5502,stp,1999,0.96155
5502,stp,2000,0.961541
5502,stp,2001,0.962453
5502,stp,2002,0.95368
5502,stp,2003,0.958537
5502,stp,2004,0.951981
5502,stp,2005,0.952964
5502,stp,2006,0.95326
5502,stp,2007,0.943685
5502,stp,2008,0.96327
5502,stp,2009,0.959695
5502,stp,2010,0.94523
5502,stp,2011,0.95419
5502,stp,2012,0.96497
5502,stp,2013,0.94626
5502,stp,2014,0.948343
5502,stp,2015,0.954843
5502,stp,2016,0.969805
5502,sur,1995,0.983275
5502,sur,1996,0.985289
5502,sur,1997,0.985747
5502,sur,1998,0.985342
5502,sur,1999,0.981267
5502,sur,2000,0.985938
5502,sur,2001,0.987861
5502,sur,2002,0.984258
5502,sur,2003,0.982377
5502,sur,2004,0.986662
5502,sur,2005,0.986631
5502,sur,2006,0.98142
5502,sur,2007,0.98037
5502,sur,2008,0.9863
5502,sur,2009,0.97733
5502,sur,2010,0.984429
5502,sur,2011,0.977598
5502,sur,2012,0.981885
5502,sur,2013,0.981513
5502,sur,2014,0.981201
5502,sur,2015,0.985195
5502,sur,2016,0.987063
5502,svk,1995,0.738532
5502,svk,1996,0.763816
5502,svk,1997,0.76462
5502,svk,1998,0.76757
5502,svk,1999,0.776717
5502,svk,2000,0.785481
5502,svk,2001,0.798415
5502,svk,2002,0.791159
5502,svk,2003,0.808335
5502,svk,2004,0.815025
5502,svk,2005,0.809462
5502,svk,2006,0.808061
5502,svk,2007,0.819683
5502,svk,2008,0.81807
5502,svk,2009,0.814168
5502,svk,2010,0.824799
5502,svk,2011,0.819061
5502,svk,2012,0.823967
5502,svk,2013,0.824192
5502,svk,2014,0.821382
5502,svk,2015,0.828631
5502,svk,2016,0.854571
5502,svn,1995,0.72965
5502,svn,1996,0.732382
5502,svn,1997,0.743301
5502,svn,1998,0.736186
5502,svn,1999,0.728211
5502,svn,2000,0.744608
5502,svn,2001,0.738055
5502,svn,2002,0.755801
5502,svn,2003,0.755297
5502,svn,2004,0.763661
5502,svn,2005,0.747626
5502,svn,2006,0.738094
5502,svn,2007,0.760791
5502,svn,2008,0.752228
5502,svn,2009,0.749864
5502,svn,2010,0.734084
5502,svn,2011,0.729402
5502,svn,2012,0.735503
5502,svn,2013,0.726249
5502,svn,2014,0.7223
5502,svn,2015,0.731592
5502,svn,2016,0.766314
5502,swe,1995,0.725495
5502,swe,1996,0.729017
5502,swe,1997,0.727042
5502,swe,1998,0.723036
5502,swe,1999,0.730848
5502,swe,2000,0.703833
5502,swe,2001,0.693429
5502,swe,2002,0.699454
5502,swe,2003,0.708466
5502,swe,2004,0.71251
5502,swe,2005,0.737512
5502,swe,2006,0.725509
5502,swe,2007,0.719
5502,swe,2008,0.699461
5502,swe,2009,0.686294
5502,swe,2010,0.691487
5502,swe,2011,0.696681
5502,swe,2012,0.680933
5502,swe,2013,0.691612
5502,swe,2014,0.688503
5502,swe,2015,0.688754
5502,swe,2016,0.723534
5502,syc,1995,0.960434
5502,syc,1996,0.970758
5502,syc,1997,0.985338
5502,syc,1998,0.97202
5502,syc,1999,0.980692
5502,syc,2000,0.979687
5502,syc,2001,0.984439
5502,syc,2002,0.988643
5502,syc,2003,0.987732
5502,syc,2004,0.975166
5502,syc,2005,0.984001
5502,syc,2006,0.975325
5502,syc,2007,0.979814
5502,syc,2008,0.964913
5502,syc,2009,0.978631
5502,syc,2010,0.974249
5502,syc,2011,0.972968
5502,syc,2012,0.962125
5502,syc,2013,0.962795
5502,syc,2014,0.96653
5502,syc,2015,0.958386
5502,syc,2016,0.977819
5502,syr,1995,0.978769
5502,syr,1996,0.973496
5502,syr,1997,0.982102
5502,syr,1998,0.956534
5502,syr,1999,0.956237
5502,syr,2000,0.978852
5502,syr,2001,0.961889
5502,syr,2002,0.958798
5502,syr,2003,0.965986
5502,syr,2004,0.937741
5502,syr,2005,0.950943
5502,syr,2006,0.927009
5502,syr,2007,0.933705
5502,syr,2008,0.923696
5502,syr,2009,0.887583
5502,syr,2010,0.909182
5502,syr,2011,0.919686
5502,syr,2012,0.85618
5502,syr,2013,0.885394
5502,syr,2014,0.909992
5502,syr,2015,0.942997
5502,syr,2016,0.952859
5502,tca,1995,0.987878
5502,tca,1996,0.984708
5502,tca,1997,0.963822
5502,tca,1998,0.940399
5502,tca,1999,0.920464
5502,tca,2000,0.959564
5502,tca,2001,0.935731
5502,tca,2002,0.941842
5502,tca,2003,0.966236
5502,tca,2004,0.956497
5502,tca,2005,0.964166
5502,tca,2006,0.939091
5502,tca,2007,0.933816
5502,tca,2008,0.911438
5502,tca,2009,0.934384
5502,tca,2010,0.927551
5502,tca,2011,0.926561
5502,tca,2012,0.96387
5502,tca,2013,0.927833
5502,tca,2014,0.941905
5502,tca,2015,0.955382
5502,tca,2016,0.959933
5502,tcd,1995,0.992657
5502,tcd,1996,0.991433
5502,tcd,1997,0.990032
5502,tcd,1998,0.996071
5502,tcd,1999,0.987029
5502,tcd,2000,0.98604
5502,tcd,2001,0.987268
5502,tcd,2002,0.980145
5502,tcd,2003,0.983333
5502,tcd,2004,0.993963
5502,tcd,2005,0.997187
5502,tcd,2006,0.997964
5502,tcd,2007,0.997983
5502,tcd,2008,0.997732
5502,tcd,2009,0.993817
5502,tcd,2010,0.989602
5502,tcd,2011,0.997456
5502,tcd,2012,0.997424
5502,tcd,2013,0.995571
5502,tcd,2014,0.995785
5502,tcd,2015,0.995845
5502,tcd,2016,0.997494
5502,tgo,1995,0.950302
5502,tgo,1996,0.952879
5502,tgo,1997,0.95951
5502,tgo,1998,0.950657
5502,tgo,1999,0.947491
5502,tgo,2000,0.952591
5502,tgo,2001,0.944423
5502,tgo,2002,0.953471
5502,tgo,2003,0.948871
5502,tgo,2004,0.940913
5502,tgo,2005,0.949899
5502,tgo,2006,0.955525
5502,tgo,2007,0.963939
5502,tgo,2008,0.962876
5502,tgo,2009,0.9443
5502,tgo,2010,0.972463
5502,tgo,2011,0.965344
5502,tgo,2012,0.943723
5502,tgo,2013,0.948736
5502,tgo,2014,0.947302
5502,tgo,2015,0.949906
5502,tgo,2016,0.962653
5502,tha,1995,0.825559
5502,tha,1996,0.843937
5502,tha,1997,0.850162
5502,tha,1998,0.830958
5502,tha,1999,0.815136
5502,tha,2000,0.825138
5502,tha,2001,0.815974
5502,tha,2002,0.811709
5502,tha,2003,0.821579
5502,tha,2004,0.819223
5502,tha,2005,0.808999
5502,tha,2006,0.797082
5502,tha,2007,0.805415
5502,tha,2008,0.793042
5502,tha,2009,0.781063
5502,tha,2010,0.788967
5502,tha,2011,0.758903
5502,tha,2012,0.766929
5502,tha,2013,0.752936
5502,tha,2014,0.734596
5502,tha,2015,0.763338
5502,tha,2016,0.727583
5502,tjk,1995,0.965188
5502,tjk,1996,0.96789
5502,tjk,1997,0.965593
5502,tjk,1998,0.963924
5502,tjk,1999,0.963537
5502,tjk,2000,0.974877
5502,tjk,2001,0.974073
5502,tjk,2002,0.97011
5502,tjk,2003,0.973439
5502,tjk,2004,0.971341
5502,tjk,2005,0.95755
5502,tjk,2006,0.97898
5502,tjk,2007,0.981933
5502,tjk,2008,0.975416
5502,tjk,2009,0.97299
5502,tjk,2010,0.969298
5502,tjk,2011,0.974766
5502,tjk,2012,0.976006
5502,tjk,2013,0.981307
5502,tjk,2014,0.97753
5502,tjk,2015,0.978755
5502,tjk,2016,0.973495
5502,tkl,1995,0.970406
5502,tkl,1996,0.949411
5502,tkl,1997,0.957869
5502,tkl,1998,0.95768
5502,tkl,1999,0.938052
5502,tkl,2000,0.916562
5502,tkl,2001,0.936735
5502,tkl,2002,0.92928
5502,tkl,2003,0.931513
5502,tkl,2004,0.91074
5502,tkl,2005,0.941074
5502,tkl,2006,0.9107
5502,tkl,2007,0.929377
5502,tkl,2008,0.901116
5502,tkl,2009,0.920568
5502,tkl,2010,0.919845
5502,tkl,2011,0.92927
5502,tkl,2012,0.910973
5502,tkl,2013,0.937809
5502,tkl,2014,0.917926
5502,tkl,2015,0.924242
5502,tkl,2016,0.927963
5502,tkm,1995,0.99018
5502,tkm,1996,0.98491
5502,tkm,1997,0.988298
5502,tkm,1998,0.956016
5502,tkm,1999,0.972591
5502,tkm,2000,0.984371
5502,tkm,2001,0.987523
5502,tkm,2002,0.98672
5502,tkm,2003,0.989794
5502,tkm,2004,0.987223
5502,tkm,2005,0.987357
5502,tkm,2006,0.988907
5502,tkm,2007,0.991011
5502,tkm,2008,0.988828
5502,tkm,2009,0.985619
5502,tkm,2010,0.984916
5502,tkm,2011,0.989445
5502,tkm,2012,0.992519
5502,tkm,2013,0.991954
5502,tkm,2014,0.990837
5502,tkm,2015,0.992778
5502,tkm,2016,0.986649
5502,tls,1995,0.966121
5502,tls,1996,0.969778
5502,tls,1997,0.976793
5502,tls,1998,0.970467
5502,tls,1999,0.991556
5502,tls,2000,0.993189
5502,tls,2001,0.953622
5502,tls,2002,0.965824
5502,tls,2003,0.947614
5502,tls,2004,0.987925
5502,tls,2005,0.985856
5502,tls,2006,0.981122
5502,tls,2007,0.976522
5502,tls,2008,0.977079
5502,tls,2009,0.984018
5502,tls,2010,0.980904
5502,tls,2011,0.985355
5502,tls,2012,0.99093
5502,tls,2013,0.997282
5502,tls,2014,0.994315
5502,tls,2015,0.994301
5502,tls,2016,0.983675
5502,ton,1995,0.983869
5502,ton,1996,0.987864
5502,ton,1997,0.987023
5502,ton,1998,0.984768
5502,ton,1999,0.976971
5502,ton,2000,0.986023
5502,ton,2001,0.976775
5502,ton,2002,0.989162
5502,ton,2003,0.977269
5502,ton,2004,0.972934
5502,ton,2005,0.973229
5502,ton,2006,0.972202
5502,ton,2007,0.976876
5502,ton,2008,0.970574
5502,ton,2009,0.967479
5502,ton,2010,0.968349
5502,ton,2011,0.964841
5502,ton,2012,0.953499
5502,ton,2013,0.95719
5502,ton,2014,0.966424
5502,ton,2015,0.964086
5502,ton,2016,0.972585
5502,tto,1995,0.936232
5502,tto,1996,0.938063
5502,tto,1997,0.938174
5502,tto,1998,0.938209
5502,tto,1999,0.941675
5502,tto,2000,0.966287
5502,tto,2001,0.954325
5502,tto,2002,0.964171
5502,tto,2003,0.973482
5502,tto,2004,0.970474
5502,tto,2005,0.970237
5502,tto,2006,0.976236
5502,tto,2007,0.979579
5502,tto,2008,0.979129
5502,tto,2009,0.975281
5502,tto,2010,0.980695
5502,tto,2011,0.981946
5502,tto,2012,0.978498
5502,tto,2013,0.983823
5502,tto,2014,0.984141
5502,tto,2015,0.980683
5502,tto,2016,0.975985
5502,tun,1995,0.907351
5502,tun,1996,0.91425
5502,tun,1997,0.927507
5502,tun,1998,0.914413
5502,tun,1999,0.914465
5502,tun,2000,0.924422
5502,tun,2001,0.901861
5502,tun,2002,0.90622
5502,tun,2003,0.918022
5502,tun,2004,0.917081
5502,tun,2005,0.906576
5502,tun,2006,0.890186
5502,tun,2007,0.893492
5502,tun,2008,0.887459
5502,tun,2009,0.862024
5502,tun,2010,0.877969
5502,tun,2011,0.873925
5502,tun,2012,0.865912
5502,tun,2013,0.870344
5502,tun,2014,0.857497
5502,tun,2015,0.871363
5502,tun,2016,0.864783
5502,tur,1995,0.84473
5502,tur,1996,0.823315
5502,tur,1997,0.851094
5502,tur,1998,0.822685
5502,tur,1999,0.808117
5502,tur,2000,0.827762
5502,tur,2001,0.814118
5502,tur,2002,0.827267
5502,tur,2003,0.838032
5502,tur,2004,0.831812
5502,tur,2005,0.814825
5502,tur,2006,0.807917
5502,tur,2007,0.816471
5502,tur,2008,0.808548
5502,tur,2009,0.778139
5502,tur,2010,0.782939
5502,tur,2011,0.770963
5502,tur,2012,0.773972
5502,tur,2013,0.754673
5502,tur,2014,0.757959
5502,tur,2015,0.771308
5502,tur,2016,0.791625
5502,tuv,1995,0.981019
5502,tuv,1996,0.978288
5502,tuv,1997,0.979847
5502,tuv,1998,0.988322
5502,tuv,1999,0.979129
5502,tuv,2000,0.964018
5502,tuv,2001,0.935054
5502,tuv,2002,0.940731
5502,tuv,2003,0.965816
5502,tuv,2004,0.970007
5502,tuv,2005,0.959533
5502,tuv,2006,0.96612
5502,tuv,2007,0.959859
5502,tuv,2008,0.966556
5502,tuv,2009,0.972911
5502,tuv,2010,0.979985
5502,tuv,2011,0.98132
5502,tuv,2012,0.989554
5502,tuv,2013,0.990738
5502,tuv,2014,0.968559
5502,tuv,2015,0.981228
5502,tuv,2016,0.988053
5502,tza,1995,0.957349
5502,tza,1996,0.96353
5502,tza,1997,0.956749
5502,tza,1998,0.937504
5502,tza,1999,0.938899
5502,tza,2000,0.954966
5502,tza,2001,0.947817
5502,tza,2002,0.940228
5502,tza,2003,0.94934
5502,tza,2004,0.939397
5502,tza,2005,0.945631
5502,tza,2006,0.934463
5502,tza,2007,0.925771
5502,tza,2008,0.90003
5502,tza,2009,0.905704
5502,tza,2010,0.917717
5502,tza,2011,0.92151
5502,tza,2012,0.904455
5502,tza,2013,0.914944
5502,tza,2014,0.927542
5502,tza,2015,0.928756
5502,tza,2016,0.942217
5502,uga,1995,0.993067
5502,uga,1996,0.985856
5502,uga,1997,0.982014
5502,uga,1998,0.97255
5502,uga,1999,0.973509
5502,uga,2000,0.966707
5502,uga,2001,0.957021
5502,uga,2002,0.960741
5502,uga,2003,0.958381
5502,uga,2004,0.947941
5502,uga,2005,0.950208
5502,uga,2006,0.953832
5502,uga,2007,0.944538
5502,uga,2008,0.930422
5502,uga,2009,0.908124
5502,uga,2010,0.914142
5502,uga,2011,0.920854
5502,uga,2012,0.86808
5502,uga,2013,0.900703
5502,uga,2014,0.903922
5502,uga,2015,0.877587
5502,uga,2016,0.925697
5502,ukr,1995,0.878392
5502,ukr,1996,0.824386
5502,ukr,1997,0.832567
5502,ukr,1998,0.831323
5502,ukr,1999,0.840458
5502,ukr,2000,0.833218
5502,ukr,2001,0.828309
5502,ukr,2002,0.828728
5502,ukr,2003,0.82453
5502,ukr,2004,0.843707
5502,ukr,2005,0.855732
5502,ukr,2006,0.840647
5502,ukr,2007,0.833083
5502,ukr,2008,0.852884
5502,ukr,2009,0.834992
5502,ukr,2010,0.835946
5502,ukr,2011,0.862978
5502,ukr,2012,0.852563
5502,ukr,2013,0.843653
5502,ukr,2014,0.856933
5502,ukr,2015,0.869555
5502,ukr,2016,0.886409
5502,ury,1995,0.870995
5502,ury,1996,0.894394
5502,ury,1997,0.899473
5502,ury,1998,0.886543
5502,ury,1999,0.878013
5502,ury,2000,0.893318
5502,ury,2001,0.896774
5502,ury,2002,0.855926
5502,ury,2003,0.89511
5502,ury,2004,0.899784
5502,ury,2005,0.88138
5502,ury,2006,0.899464
5502,ury,2007,0.890325
5502,ury,2008,0.899566
5502,ury,2009,0.912735
5502,ury,2010,0.913309
5502,ury,2011,0.913095
5502,ury,2012,0.907089
5502,ury,2013,0.914886
5502,ury,2014,0.920574
5502,ury,2015,0.923328
5502,ury,2016,0.934679
5502,usa,1995,0.485587
5502,usa,1996,0.473936
5502,usa,1997,0.444618
5502,usa,1998,0.474949
5502,usa,1999,0.475098
5502,usa,2000,0.408247
5502,usa,2001,0.403944
5502,usa,2002,0.406961
5502,usa,2003,0.396882
5502,usa,2004,0.383653
5502,usa,2005,0.35809
5502,usa,2006,0.393223
5502,usa,2007,0.38808
5502,usa,2008,0.394597
5502,usa,2009,0.428918
5502,usa,2010,0.404556
5502,usa,2011,0.412731
5502,usa,2012,0.434277
5502,usa,2013,0.44677
5502,usa,2014,0.470597
5502,usa,2015,0.433942
5502,usa,2016,0.462434
5502,uzb,1995,0.971222
5502,uzb,1996,0.969091
5502,uzb,1997,0.963762
5502,uzb,1998,0.9409
5502,uzb,1999,0.946106
5502,uzb,2000,0.942304
5502,uzb,2001,0.948423
5502,uzb,2002,0.951212
5502,uzb,2003,0.953031
5502,uzb,2004,0.958478
5502,uzb,2005,0.944923
5502,uzb,2006,0.9526
5502,uzb,2007,0.9562
5502,uzb,2008,0.948207
5502,uzb,2009,0.946093
5502,uzb,2010,0.943339
5502,uzb,2011,0.945069
5502,uzb,2012,0.94085
5502,uzb,2013,0.940793
5502,uzb,2014,0.929773
5502,uzb,2015,0.942402
5502,uzb,2016,0.951203
5502,vct,1995,0.978895
5502,vct,1996,0.96733
5502,vct,1997,0.964252
5502,vct,1998,0.945105
5502,vct,1999,0.974493
5502,vct,2000,0.953129
5502,vct,2001,0.980881
5502,vct,2002,0.968335
5502,vct,2003,0.980569
5502,vct,2004,0.985018
5502,vct,2005,0.986716
5502,vct,2006,0.988412
5502,vct,2007,0.979542
5502,vct,2008,0.991607
5502,vct,2009,0.969509
5502,vct,2010,0.963629
5502,vct,2011,0.951
5502,vct,2012,0.945329
5502,vct,2013,0.969516
5502,vct,2014,0.979849
5502,vct,2015,0.932162
5502,vct,2016,0.9847
5502,ven,1995,0.937397
5502,ven,1996,0.936104
5502,ven,1997,0.935811
5502,ven,1998,0.917292
5502,ven,1999,0.930515
5502,ven,2000,0.944789
5502,ven,2001,0.945465
5502,ven,2002,0.941507
5502,ven,2003,0.950542
5502,ven,2004,0.949867
5502,ven,2005,0.959977
5502,ven,2006,0.96687
5502,ven,2007,0.9669
5502,ven,2008,0.974616
5502,ven,2009,0.972922
5502,ven,2010,0.981628
5502,ven,2011,0.986227
5502,ven,2012,0.992565
5502,ven,2013,0.989069
5502,ven,2014,0.987955
5502,ven,2015,0.989927
5502,ven,2016,0.986425
5502,vgb,1995,0.957512
5502,vgb,1996,0.964475
5502,vgb,1997,0.957662
5502,vgb,1998,0.942738
5502,vgb,1999,0.95405
5502,vgb,2000,0.924525
5502,vgb,2001,0.935045
5502,vgb,2002,0.955542
5502,vgb,2003,0.947657
5502,vgb,2004,0.959841
5502,vgb,2005,0.974133
5502,vgb,2006,0.928782
5502,vgb,2007,0.93718
5502,vgb,2008,0.936545
5502,vgb,2009,0.932127
5502,vgb,2010,0.94954
5502,vgb,2011,0.935879
5502,vgb,2012,0.960736
5502,vgb,2013,0.958025
5502,vgb,2014,0.9386
5502,vgb,2015,0.966821
5502,vgb,2016,0.956176
5502,vnm,1995,0.940613
5502,vnm,1996,0.938735
5502,vnm,1997,0.946287
5502,vnm,1998,0.930397
5502,vnm,1999,0.927031
5502,vnm,2000,0.94119
5502,vnm,2001,0.914758
5502,vnm,2002,0.908372
5502,vnm,2003,0.926115
5502,vnm,2004,0.920574
5502,vnm,2005,0.921579
5502,vnm,2006,0.900392
5502,vnm,2007,0.902467
5502,vnm,2008,0.896185
5502,vnm,2009,0.880615
5502,vnm,2010,0.882972
5502,vnm,2011,0.877636
5502,vnm,2012,0.863499
5502,vnm,2013,0.865113
5502,vnm,2014,0.87328
5502,vnm,2015,0.899802
5502,vnm,2016,0.874783
5502,vut,1995,0.987647
5502,vut,1996,0.987592
5502,vut,1997,0.988872
5502,vut,1998,0.985629
5502,vut,1999,0.982444
5502,vut,2000,0.981772
5502,vut,2001,0.978089
5502,vut,2002,0.982955
5502,vut,2003,0.975889
5502,vut,2004,0.984909
5502,vut,2005,0.985699
5502,vut,2006,0.984865
5502,vut,2007,0.988224
5502,vut,2008,0.991949
5502,vut,2009,0.981597
5502,vut,2010,0.988484
5502,vut,2011,0.990421
5502,vut,2012,0.980339
5502,vut,2013,0.971045
5502,vut,2014,0.987992
5502,vut,2015,0.980779
5502,vut,2016,0.988271
5502,wlf,1995,0.980763
5502,wlf,1996,0.979951
5502,wlf,1997,0.986812
5502,wlf,1998,0.990505
5502,wlf,1999,0.982505
5502,wlf,2000,0.980394
5502,wlf,2001,0.982059
5502,wlf,2002,0.984114
5502,wlf,2003,0.989462
5502,wlf,2004,0.956326
5502,wlf,2005,0.970487
5502,wlf,2006,0.953439
5502,wlf,2007,0.965084
5502,wlf,2008,0.984569
5502,wlf,2009,0.969962
5502,wlf,2010,0.969201
5502,wlf,2011,0.97136
5502,wlf,2012,0.956609
5502,wlf,2013,0.974167
5502,wlf,2014,0.971774
5502,wlf,2015,0.975232
5502,wlf,2016,0.964228
5502,wsm,1995,0.987642
5502,wsm,1996,0.98977
5502,wsm,1997,0.985032
5502,wsm,1998,0.988776
5502,wsm,1999,0.979775
5502,wsm,2000,0.987275
5502,wsm,2001,0.9797
5502,wsm,2002,0.960664
5502,wsm,2003,0.966688
5502,wsm,2004,0.950892
5502,wsm,2005,0.958307
5502,wsm,2006,0.970376
5502,wsm,2007,0.97042
5502,wsm,2008,0.957285
5502,wsm,2009,0.904186
5502,wsm,2010,0.910882
5502,wsm,2011,0.91403
5502,wsm,2012,0.906967
5502,wsm,2013,0.924356
5502,wsm,2014,0.928713
5502,wsm,2015,0.937331
5502,wsm,2016,0.947035
5502,yem,1995,0.991283
5502,yem,1996,0.989857
5502,yem,1997,0.995424
5502,yem,1998,0.989273
5502,yem,1999,0.992174
5502,yem,2000,0.994614
5502,yem,2001,0.991045
5502,yem,2002,0.985639
5502,yem,2003,0.99111
5502,yem,2004,0.979703
5502,yem,2005,0.987122
5502,yem,2006,0.985647
5502,yem,2007,0.986127
5502,yem,2008,0.987374
5502,yem,2009,0.977969
5502,yem,2010,0.980912
5502,yem,2011,0.979345
5502,yem,2012,0.979537
5502,yem,2013,0.98038
5502,yem,2014,0.985313
5502,yem,2015,0.980397
5502,yem,2016,0.976629
5502,zaf,1995,0.868386
5502,zaf,1996,0.84226
5502,zaf,1997,0.843134
5502,zaf,1998,0.809383
5502,zaf,1999,0.79897
5502,zaf,2000,0.788964
5502,zaf,2001,0.802872
5502,zaf,2002,0.73995
5502,zaf,2003,0.753364
5502,zaf,2004,0.775509
5502,zaf,2005,0.781463
5502,zaf,2006,0.799351
5502,zaf,2007,0.815995
5502,zaf,2008,0.832842
5502,zaf,2009,0.781398
5502,zaf,2010,0.811369
5502,zaf,2011,0.838016
5502,zaf,2012,0.829977
5502,zaf,2013,0.847192
5502,zaf,2014,0.855635
5502,zaf,2015,0.847206
5502,zaf,2016,0.866402
5502,zmb,1995,0.954438
5502,zmb,1996,0.942636
5502,zmb,1997,0.959099
5502,zmb,1998,0.939216
5502,zmb,1999,0.939045
5502,zmb,2000,0.94852
5502,zmb,2001,0.952644
5502,zmb,2002,0.940063
5502,zmb,2003,0.948287
5502,zmb,2004,0.953477
5502,zmb,2005,0.973485
5502,zmb,2006,0.964062
5502,zmb,2007,0.962793
5502,zmb,2008,0.971783
5502,zmb,2009,0.960359
5502,zmb,2010,0.962697
5502,zmb,2011,0.969703
5502,zmb,2012,0.971678
5502,zmb,2013,0.971251
5502,zmb,2014,0.970294
5502,zmb,2015,0.963751
5502,zmb,2016,0.983719
5502,zwe,1995,0.881778
5502,zwe,1996,0.930614
5502,zwe,1997,0.946237
5502,zwe,1998,0.925808
5502,zwe,1999,0.906506
5502,zwe,2000,0.913364
5502,zwe,2001,0.934567
5502,zwe,2002,0.902286
5502,zwe,2003,0.92875
5502,zwe,2004,0.931159
5502,zwe,2005,0.941752
5502,zwe,2006,0.95011
5502,zwe,2007,0.943842
5502,zwe,2008,0.92303
5502,zwe,2009,0.9439
5502,zwe,2010,0.955363
5502,zwe,2011,0.96134
5502,zwe,2012,0.95503
5502,zwe,2013,0.956106
5502,zwe,2014,0.954384
5502,zwe,2015,0.959999
5502,zwe,2016,0.977458
5502,twn,1995,0.729248
5502,twn,1996,0.718846
5502,twn,1997,0.720991
5502,twn,1998,0.724679
5502,twn,1999,0.722381
5502,twn,2000,0.719226
5502,twn,2001,0.682294
5502,twn,2002,0.72908
5502,twn,2003,0.715337
5502,twn,2004,0.744897
5502,twn,2005,0.718935
5502,twn,2006,0.735936
5502,twn,2007,0.726562
5502,twn,2008,0.717132
5502,twn,2009,0.74251
5502,twn,2010,0.745548
5502,twn,2011,0.696808
5502,twn,2012,0.697641
5502,twn,2013,0.723624
5502,twn,2014,0.733996
5502,twn,2015,0.754144
5502,twn,2016,0.698685
5502,ans,1995,0.881912
5502,ans,1996,0.88647
5502,ans,1997,0.923594
5502,ans,1998,0.869238
5502,ans,1999,0.88413
5502,ans,2000,0.937098
5502,ans,2001,0.946534
5502,ans,2002,0.946253
5502,ans,2003,0.954445
5502,ans,2004,0.972785
5502,ans,2005,0.964735
5502,ans,2006,0.972914
5502,ans,2007,0.957992
5502,ans,2008,0.96865
5502,ans,2009,0.945802
5502,ans,2010,0.947508
5502,ans,2011,0.968905
5502,ans,2012,0.947744
5502,ans,2013,0.949183
5502,ans,2014,0.951944
5502,ans,2015,0.925096
5502,ans,2016,0.890759
5502,lux,1999,0.826995
5502,lux,2000,0.824957
5502,lux,2001,0.821485
5502,lux,2002,0.817997
5502,lux,2003,0.8274
5502,lux,2004,0.841181
5502,lux,2005,0.837567
5502,lux,2006,0.851355
5502,lux,2007,0.8481
5502,lux,2008,0.845028
5502,lux,2009,0.826056
5502,lux,2010,0.812044
5502,lux,2011,0.813518
5502,lux,2012,0.806058
5502,lux,2013,0.809523
5502,lux,2014,0.821179
5502,lux,2015,0.804263
5502,lux,2016,0.81777
5502,asm,2000,0.918447
5502,asm,2001,0.923896
5502,asm,2002,0.930561
5502,asm,2003,0.928188
5502,asm,2004,0.896355
5502,asm,2005,0.908473
5502,asm,2006,0.962398
5502,asm,2007,0.944504
5502,asm,2008,0.939281
5502,asm,2009,0.923236
5502,asm,2010,0.932715
5502,asm,2011,0.943095
5502,asm,2012,0.95342
5502,asm,2013,0.943936
5502,asm,2014,0.951232
5502,asm,2015,0.941939
5502,asm,2016,0.961288
5502,ata,2000,0.976649
5502,ata,2001,0.986626
5502,ata,2002,0.969337
5502,ata,2003,0.979958
5502,ata,2004,0.987174
5502,ata,2005,0.987602
5502,ata,2006,0.968264
5502,ata,2007,0.973192
5502,ata,2008,0.964579
5502,ata,2009,0.97109
5502,ata,2010,0.977977
5502,ata,2011,0.980719
5502,ata,2012,0.972713
5502,ata,2013,0.988906
5502,ata,2014,0.960218
5502,ata,2015,0.960242
5502,ata,2016,0.975071
5502,bvt,2000,0.992012
5502,bvt,2001,0.990474
5502,bvt,2002,0.987185
5502,bvt,2003,0.986344
5502,bvt,2004,0.985656
5502,bvt,2005,0.985552
5502,bvt,2006,0.987911
5502,bvt,2007,0.970519
5502,bvt,2008,0.987568
5502,bvt,2009,0.959917
5502,bvt,2010,0.989808
5502,bvt,2011,0.981165
5502,bvt,2012,0.989914
5502,bvt,2013,0.989167
5502,bvt,2014,0.984326
5502,bvt,2015,0.989061
5502,bvt,2016,0.978188
5502,bwa,2000,0.98326
5502,bwa,2001,0.97156
5502,bwa,2002,0.975675
5502,bwa,2003,0.984034
5502,bwa,2004,0.982131
5502,bwa,2005,0.983242
5502,bwa,2006,0.981205
5502,bwa,2007,0.982455
5502,bwa,2008,0.954104
5502,bwa,2009,0.942328
5502,bwa,2010,0.939931
5502,bwa,2011,0.98115
5502,bwa,2012,0.966187
5502,bwa,2013,0.984803
5502,bwa,2014,0.985655
5502,bwa,2015,0.980231
5502,bwa,2016,0.993553
5502,gum,2000,0.993406
5502,gum,2001,0.983895
5502,gum,2002,0.975986
5502,gum,2003,0.962595
5502,gum,2004,0.94485
5502,gum,2005,0.94876
5502,gum,2006,0.939661
5502,gum,2007,0.939424
5502,gum,2008,0.931729
5502,gum,2009,0.929067
5502,gum,2010,0.901685
5502,gum,2011,0.910439
5502,gum,2012,0.923723
5502,gum,2013,0.918503
5502,gum,2014,0.930495
5502,gum,2015,0.920784
5502,gum,2016,0.928389
5502,hmd,2000,0.970336
5502,hmd,2001,0.981849
5502,hmd,2002,0.98732
5502,hmd,2003,0.992417
5502,hmd,2004,0.987779
5502,hmd,2005,0.988863
5502,hmd,2006,0.981815
5502,hmd,2007,0.979127
5502,hmd,2008,0.980785
5502,hmd,2009,0.973362
5502,hmd,2010,0.973809
5502,hmd,2011,0.983373
5502,hmd,2012,0.981038
5502,hmd,2013,0.985842
5502,hmd,2014,0.987903
5502,hmd,2015,0.994028
5502,hmd,2016,0.990413
5502,lso,2000,0.991181
5502,lso,2001,0.991945
5502,lso,2002,0.995651
5502,lso,2003,0.998442
5502,lso,2004,0.996586
5502,lso,2005,0.997518
5502,lso,2006,0.9893
5502,lso,2007,0.992997
5502,lso,2008,0.995096
5502,lso,2009,0.993461
5502,lso,2010,0.97547
5502,lso,2011,0.969304
5502,lso,2012,0.971731
5502,lso,2013,0.974486
5502,lso,2014,0.969554
5502,lso,2015,0.982597
5502,lso,2016,0.980648
5502,myt,2000,0.975833
5502,myt,2001,0.940868
5502,myt,2002,0.978597
5502,myt,2003,0.957108
5502,myt,2004,0.942169
5502,myt,2005,0.950983
5502,myt,2006,0.95574
5502,myt,2007,0.973869
5502,myt,2008,0.96481
5502,myt,2009,0.946161
5502,myt,2010,0.947645
5502,myt,2011,0.972167
5502,myt,2012,0.981434
5502,myt,2013,0.981348
5502,nam,2000,0.945349
5502,nam,2001,0.950287
5502,nam,2002,0.933691
5502,nam,2003,0.937121
5502,nam,2004,0.935537
5502,nam,2005,0.942522
5502,nam,2006,0.951918
5502,nam,2007,0.951185
5502,nam,2008,0.93126
5502,nam,2009,0.914929
5502,nam,2010,0.927608
5502,nam,2011,0.935464
5502,nam,2012,0.904586
5502,nam,2013,0.935322
5502,nam,2014,0.939036
5502,nam,2015,0.940812
5502,nam,2016,0.950337
5502,pse,2000,0.905499
5502,pse,2001,0.927811
5502,pse,2002,0.94594
5502,pse,2003,0.926343
5502,pse,2004,0.964295
5502,pse,2005,0.958513
5502,pse,2006,0.9503
5502,pse,2007,0.897428
5502,pse,2008,0.875774
5502,pse,2009,0.872119
5502,pse,2010,0.896552
5502,pse,2011,0.892499
5502,pse,2012,0.886568
5502,pse,2013,0.884686
5502,pse,2014,0.896132
5502,pse,2015,0.896419
5502,pse,2016,0.918878
5502,sgs,2000,0.99239
5502,sgs,2001,0.990116
5502,sgs,2002,0.98225
5502,sgs,2003,0.981548
5502,sgs,2004,0.984444
5502,sgs,2005,0.993717
5502,sgs,2006,0.987877
5502,sgs,2007,0.995879
5502,sgs,2008,0.984901
5502,sgs,2009,0.979047
5502,sgs,2010,0.973893
5502,sgs,2011,0.965622
5502,sgs,2012,0.980048
5502,sgs,2013,0.981733
5502,sgs,2014,0.988181
5502,sgs,2015,0.985324
5502,sgs,2016,0.984343
5502,smr,2000,0.925956
5502,smr,2001,0.94433
5502,smr,2002,0.921991
5502,smr,2003,0.939469
5502,smr,2004,0.925343
5502,smr,2005,0.925844
5502,smr,2006,0.91189
5502,smr,2007,0.921284
5502,smr,2008,0.900916
5502,smr,2009,0.909722
5502,smr,2010,0.920492
5502,smr,2011,0.898177
5502,smr,2012,0.91164
5502,smr,2013,0.903871
5502,smr,2014,0.905751
5502,smr,2015,0.898259
5502,smr,2016,0.915679
5502,swz,2000,0.926658
5502,swz,2001,0.923916
5502,swz,2002,0.92918
5502,swz,2003,0.933178
5502,swz,2004,0.930478
5502,swz,2005,0.925948
5502,swz,2006,0.894592
5502,swz,2007,0.910546
5502,swz,2008,0.883067
5502,swz,2009,0.902425
5502,swz,2010,0.9216
5502,swz,2011,0.926311
5502,swz,2012,0.928459
5502,swz,2013,0.923948
5502,swz,2014,0.936728
5502,swz,2015,0.932854
5502,swz,2016,0.942018
5502,umi,2000,0.961617
5502,umi,2001,0.956955
5502,umi,2002,0.950845
5502,umi,2003,0.972263
5502,umi,2004,0.961075
5502,umi,2005,0.943297
5502,umi,2006,0.978189
5502,umi,2007,0.940811
5502,umi,2008,0.925074
5502,umi,2009,0.961583
5502,umi,2010,0.966956
5502,umi,2011,0.964265
5502,umi,2012,0.949295
5502,umi,2013,0.946452
5502,umi,2014,0.898603
5502,umi,2015,0.942349
5502,umi,2016,0.892687
5502,vat,2000,0.977443
5502,vat,2001,0.982347
5502,vat,2002,0.973282
5502,vat,2003,0.982385
5502,vat,2004,0.968618
5502,vat,2005,0.962406
5502,vat,2006,0.968476
5502,vat,2007,0.939531
5502,vat,2008,0.957375
5502,vat,2009,0.975387
5502,vat,2010,0.945072
5502,vat,2011,0.989119
5502,vat,2012,0.960182
5502,vat,2013,0.944887
5502,vat,2014,0.953023
5502,vat,2015,0.963574
5502,vat,2016,0.954369
5502,srb,2006,0.808934
5502,srb,2007,0.81278
5502,srb,2008,0.809105
5502,srb,2009,0.807314
5502,srb,2010,0.830792
5502,srb,2011,0.829519
5502,srb,2012,0.804667
5502,srb,2013,0.833287
5502,srb,2014,0.828659
5502,srb,2015,0.826445
5502,srb,2016,0.862289
5502,mne,2006,0.942105
5502,mne,2007,0.939987
5502,mne,2008,0.937932
5502,mne,2009,0.921555
5502,mne,2010,0.926117
5502,mne,2011,0.932146
5502,mne,2012,0.94218
5502,mne,2013,0.94914
5502,mne,2014,0.944853
5502,mne,2015,0.929914
5502,mne,2016,0.953434
5502,bes,2011,0.98659
5502,bes,2012,0.991404
5502,bes,2013,0.968134
5502,bes,2014,0.996272
5502,bes,2015,0.983507
5502,bes,2016,0.991369
5502,cuw,2011,0.983799
5502,cuw,2012,0.976157
5502,cuw,2013,0.977523
5502,cuw,2014,0.979676
5502,cuw,2015,0.973556
5502,cuw,2016,0.974576
5502,sxm,2011,0.976028
5502,sxm,2012,0.991391
5502,sxm,2013,0.981286
5502,sxm,2014,0.98197
5502,sxm,2015,0.98515
5502,sxm,2016,0.994175
5502,ssd,2012,0.99786
5502,ssd,2013,0.998216
5502,ssd,2014,0.999376
5502,ssd,2015,0.998581
5502,ssd,2016,0.997309
5502,blm,2013,0.955232
5502,blm,2014,0.975804
5502,blm,2015,0.965066
5502,blm,2016,0.949203
