product_code_hs,location,year,distance
2834,abw,1995,0.990793
2834,abw,1996,0.994305
2834,abw,1997,0.992572
2834,abw,1998,0.985581
2834,abw,1999,0.985581
2834,abw,2000,0.986056
2834,abw,2001,0.9892
2834,abw,2002,0.989454
2834,abw,2003,0.985441
2834,abw,2004,0.989361
2834,abw,2005,0.989324
2834,abw,2006,0.989205
2834,abw,2007,0.98904
2834,abw,2008,0.989483
2834,abw,2009,0.982563
2834,abw,2010,0.935815
2834,abw,2011,0.991214
2834,abw,2012,0.980716
2834,abw,2013,0.97898
2834,abw,2014,0.982362
2834,abw,2015,0.920033
2834,abw,2016,0.965693
2834,afg,1995,0.94314
2834,afg,1996,0.94932
2834,afg,1997,0.931083
2834,afg,1998,0.956052
2834,afg,1999,0.939115
2834,afg,2000,0.93812
2834,afg,2001,0.932345
2834,afg,2002,0.932886
2834,afg,2003,0.929865
2834,afg,2004,0.932222
2834,afg,2005,0.921785
2834,afg,2006,0.929763
2834,afg,2007,0.929819
2834,afg,2008,0.910568
2834,afg,2009,0.864368
2834,afg,2010,0.884267
2834,afg,2011,0.929241
2834,afg,2012,0.939285
2834,afg,2013,0.939366
2834,afg,2014,0.93656
2834,afg,2015,0.937625
2834,afg,2016,0.947428
2834,ago,1995,0.997917
2834,ago,1996,0.99588
2834,ago,1997,0.992821
2834,ago,1998,0.992412
2834,ago,1999,0.995456
2834,ago,2000,0.995292
2834,ago,2001,0.996714
2834,ago,2002,0.996911
2834,ago,2003,0.99714
2834,ago,2004,0.993286
2834,ago,2005,0.997067
2834,ago,2006,0.997708
2834,ago,2007,0.996317
2834,ago,2008,0.995757
2834,ago,2009,0.993596
2834,ago,2010,0.994577
2834,ago,2011,0.994322
2834,ago,2012,0.9941
2834,ago,2013,0.992806
2834,ago,2014,0.995843
2834,ago,2015,0.989403
2834,ago,2016,0.99177
2834,aia,1995,0.954336
2834,aia,1996,0.949203
2834,aia,1997,0.926104
2834,aia,1998,0.947315
2834,aia,1999,0.952008
2834,aia,2000,0.93702
2834,aia,2001,0.913509
2834,aia,2002,0.945023
2834,aia,2003,0.951932
2834,aia,2004,0.93797
2834,aia,2005,0.95788
2834,aia,2006,0.959043
2834,aia,2007,0.956464
2834,aia,2008,0.933857
2834,aia,2009,0.927681
2834,aia,2010,0.935083
2834,aia,2011,0.952405
2834,aia,2012,0.936775
2834,aia,2013,0.937046
2834,aia,2014,0.971216
2834,aia,2015,0.915892
2834,aia,2016,0.952443
2834,alb,1995,0.884126
2834,alb,1996,0.847038
2834,alb,1997,0.862124
2834,alb,1998,0.862839
2834,alb,1999,0.871839
2834,alb,2000,0.850196
2834,alb,2001,0.878269
2834,alb,2002,0.876202
2834,alb,2003,0.85423
2834,alb,2004,0.865199
2834,alb,2005,0.846738
2834,alb,2006,0.867486
2834,alb,2007,0.861884
2834,alb,2008,0.857698
2834,alb,2009,0.863937
2834,alb,2010,0.858983
2834,alb,2011,0.86585
2834,alb,2012,0.849453
2834,alb,2013,0.877726
2834,alb,2014,0.886068
2834,alb,2015,0.87023
2834,alb,2016,0.877292
2834,and,1995,0.922535
2834,and,1996,0.910021
2834,and,1997,0.894976
2834,and,1998,0.886879
2834,and,1999,0.863429
2834,and,2000,0.854599
2834,and,2001,0.852436
2834,and,2002,0.86622
2834,and,2003,0.878775
2834,and,2004,0.870486
2834,and,2005,0.890875
2834,and,2006,0.899124
2834,and,2007,0.859739
2834,and,2008,0.8541
2834,and,2009,0.860047
2834,and,2010,0.852326
2834,and,2011,0.903024
2834,and,2012,0.903546
2834,and,2013,0.964487
2834,and,2014,0.918514
2834,and,2015,0.921065
2834,and,2016,0.926744
2834,ant,1995,0.965165
2834,ant,1996,0.973442
2834,ant,1997,0.95927
2834,ant,1998,0.939939
2834,ant,1999,0.955639
2834,ant,2000,0.948783
2834,ant,2001,0.958984
2834,ant,2002,0.949613
2834,ant,2003,0.955024
2834,ant,2004,0.93814
2834,ant,2005,0.973076
2834,ant,2006,0.97244
2834,ant,2007,0.950195
2834,ant,2008,0.962729
2834,ant,2009,0.968829
2834,ant,2010,0.955528
2834,are,1995,0.935165
2834,are,1996,0.930867
2834,are,1997,0.930365
2834,are,1998,0.908756
2834,are,1999,0.901528
2834,are,2000,0.905985
2834,are,2001,0.919249
2834,are,2002,0.904936
2834,are,2003,0.929313
2834,are,2004,0.893039
2834,are,2005,0.916489
2834,are,2006,0.933211
2834,are,2007,0.919203
2834,are,2008,0.930507
2834,are,2009,0.924539
2834,are,2010,0.880744
2834,are,2011,0.925168
2834,are,2012,0.923871
2834,are,2013,0.911621
2834,are,2014,0.900293
2834,are,2015,0.867522
2834,are,2016,0.876778
2834,arg,1995,0.839878
2834,arg,1996,0.835734
2834,arg,1997,0.826853
2834,arg,1998,0.813908
2834,arg,1999,0.839144
2834,arg,2000,0.819091
2834,arg,2001,0.827097
2834,arg,2002,0.836082
2834,arg,2003,0.833957
2834,arg,2004,0.813442
2834,arg,2005,0.815517
2834,arg,2006,0.809865
2834,arg,2007,0.812684
2834,arg,2008,0.823711
2834,arg,2009,0.794942
2834,arg,2010,0.791592
2834,arg,2011,0.812214
2834,arg,2012,0.812332
2834,arg,2013,0.826455
2834,arg,2014,0.814639
2834,arg,2015,0.820301
2834,arg,2016,0.834672
2834,arm,1995,0.970838
2834,arm,1996,0.920523
2834,arm,1997,0.866418
2834,arm,1998,0.903583
2834,arm,1999,0.914457
2834,arm,2000,0.905726
2834,arm,2001,0.887315
2834,arm,2002,0.922882
2834,arm,2003,0.923218
2834,arm,2004,0.922949
2834,arm,2005,0.925718
2834,arm,2006,0.931798
2834,arm,2007,0.890099
2834,arm,2008,0.88093
2834,arm,2009,0.896027
2834,arm,2010,0.91251
2834,arm,2011,0.901381
2834,arm,2012,0.875983
2834,arm,2013,0.907218
2834,arm,2014,0.899047
2834,arm,2015,0.894103
2834,arm,2016,0.915814
2834,atf,1995,0.997613
2834,atf,1996,0.995612
2834,atf,1997,0.995042
2834,atf,1998,0.996619
2834,atf,1999,0.990783
2834,atf,2000,0.990902
2834,atf,2001,0.987157
2834,atf,2002,0.975988
2834,atf,2003,0.973411
2834,atf,2004,0.975946
2834,atf,2005,0.986441
2834,atf,2006,0.977728
2834,atf,2007,0.965719
2834,atf,2008,0.968302
2834,atf,2009,0.969615
2834,atf,2010,0.981015
2834,atf,2011,0.973127
2834,atf,2012,0.979948
2834,atf,2013,0.983537
2834,atf,2014,0.982337
2834,atf,2015,0.965832
2834,atf,2016,0.977907
2834,atg,1995,0.952758
2834,atg,1996,0.936844
2834,atg,1997,0.942297
2834,atg,1998,0.923254
2834,atg,1999,0.923128
2834,atg,2000,0.958769
2834,atg,2001,0.965305
2834,atg,2002,0.968801
2834,atg,2003,0.970685
2834,atg,2004,0.958421
2834,atg,2005,0.968797
2834,atg,2006,0.969791
2834,atg,2007,0.92663
2834,atg,2008,0.95652
2834,atg,2009,0.935303
2834,atg,2010,0.954971
2834,atg,2011,0.961281
2834,atg,2012,0.790415
2834,atg,2013,0.955301
2834,atg,2014,0.96123
2834,atg,2015,0.952759
2834,atg,2016,0.953843
2834,aus,1995,0.821305
2834,aus,1996,0.808133
2834,aus,1997,0.816088
2834,aus,1998,0.798735
2834,aus,1999,0.831667
2834,aus,2000,0.829197
2834,aus,2001,0.816857
2834,aus,2002,0.820082
2834,aus,2003,0.816302
2834,aus,2004,0.800044
2834,aus,2005,0.84312
2834,aus,2006,0.85549
2834,aus,2007,0.847152
2834,aus,2008,0.863597
2834,aus,2009,0.861784
2834,aus,2010,0.870748
2834,aus,2011,0.891083
2834,aus,2012,0.880707
2834,aus,2013,0.893556
2834,aus,2014,0.878422
2834,aus,2015,0.851185
2834,aus,2016,0.855655
2834,aut,1995,0.650985
2834,aut,1996,0.644477
2834,aut,1997,0.620228
2834,aut,1998,0.62489
2834,aut,1999,0.640865
2834,aut,2000,0.645743
2834,aut,2001,0.6433
2834,aut,2002,0.65189
2834,aut,2003,0.666899
2834,aut,2004,0.670571
2834,aut,2005,0.648806
2834,aut,2006,0.673015
2834,aut,2007,0.663067
2834,aut,2008,0.648149
2834,aut,2009,0.621928
2834,aut,2010,0.649795
2834,aut,2011,0.617907
2834,aut,2012,0.598109
2834,aut,2013,0.613844
2834,aut,2014,0.610927
2834,aut,2015,0.62417
2834,aut,2016,0.641597
2834,aze,1995,0.955631
2834,aze,1996,0.915645
2834,aze,1997,0.902352
2834,aze,1998,0.908164
2834,aze,1999,0.944306
2834,aze,2000,0.928168
2834,aze,2001,0.960248
2834,aze,2002,0.96056
2834,aze,2003,0.957919
2834,aze,2004,0.947917
2834,aze,2005,0.955532
2834,aze,2006,0.972267
2834,aze,2007,0.975111
2834,aze,2008,0.977876
2834,aze,2009,0.975603
2834,aze,2010,0.983038
2834,aze,2011,0.983687
2834,aze,2012,0.976426
2834,aze,2013,0.978631
2834,aze,2014,0.978278
2834,aze,2015,0.974
2834,aze,2016,0.970601
2834,bdi,1995,0.979477
2834,bdi,1996,0.971472
2834,bdi,1997,0.987976
2834,bdi,1998,0.979734
2834,bdi,1999,0.986022
2834,bdi,2000,0.980558
2834,bdi,2001,0.960523
2834,bdi,2002,0.956706
2834,bdi,2003,0.977936
2834,bdi,2004,0.966451
2834,bdi,2005,0.975641
2834,bdi,2006,0.96328
2834,bdi,2007,0.954034
2834,bdi,2008,0.942447
2834,bdi,2009,0.962692
2834,bdi,2010,0.94279
2834,bdi,2011,0.962033
2834,bdi,2012,0.955863
2834,bdi,2013,0.96906
2834,bdi,2014,0.938793
2834,bdi,2015,0.947907
2834,bdi,2016,0.951828
2834,bel,1995,0.579969
2834,bel,1996,0.562142
2834,bel,1997,0.543724
2834,bel,1998,0.527348
2834,bel,1999,0.518192
2834,bel,2000,0.521138
2834,bel,2001,0.561209
2834,bel,2002,0.591344
2834,bel,2003,0.595735
2834,bel,2004,0.572018
2834,bel,2005,0.603137
2834,bel,2006,0.5871
2834,bel,2007,0.548994
2834,bel,2008,0.54391
2834,bel,2009,0.559147
2834,bel,2010,0.540723
2834,bel,2011,0.51352
2834,bel,2012,0.516271
2834,bel,2013,0.544812
2834,bel,2014,0.562086
2834,bel,2015,0.559544
2834,bel,2016,0.544838
2834,ben,1995,0.974366
2834,ben,1996,0.962466
2834,ben,1997,0.970999
2834,ben,1998,0.957039
2834,ben,1999,0.960131
2834,ben,2000,0.950211
2834,ben,2001,0.965515
2834,ben,2002,0.950238
2834,ben,2003,0.957866
2834,ben,2004,0.96412
2834,ben,2005,0.959929
2834,ben,2006,0.954658
2834,ben,2007,0.95044
2834,ben,2008,0.944727
2834,ben,2009,0.932694
2834,ben,2010,0.95524
2834,ben,2011,0.955596
2834,ben,2012,0.960017
2834,ben,2013,0.950025
2834,ben,2014,0.966919
2834,ben,2015,0.936926
2834,ben,2016,0.935341
2834,bfa,1995,0.972341
2834,bfa,1996,0.969607
2834,bfa,1997,0.966849
2834,bfa,1998,0.969411
2834,bfa,1999,0.963158
2834,bfa,2000,0.907463
2834,bfa,2001,0.889998
2834,bfa,2002,0.884611
2834,bfa,2003,0.945505
2834,bfa,2004,0.941914
2834,bfa,2005,0.955479
2834,bfa,2006,0.942796
2834,bfa,2007,0.924193
2834,bfa,2008,0.944364
2834,bfa,2009,0.937692
2834,bfa,2010,0.90744
2834,bfa,2011,0.958193
2834,bfa,2012,0.962796
2834,bfa,2013,0.967695
2834,bfa,2014,0.965395
2834,bfa,2015,0.96088
2834,bfa,2016,0.970649
2834,bgd,1995,0.930034
2834,bgd,1996,0.934904
2834,bgd,1997,0.930323
2834,bgd,1998,0.933699
2834,bgd,1999,0.958294
2834,bgd,2000,0.931649
2834,bgd,2001,0.948539
2834,bgd,2002,0.944879
2834,bgd,2003,0.935817
2834,bgd,2004,0.922218
2834,bgd,2005,0.910879
2834,bgd,2006,0.923829
2834,bgd,2007,0.915068
2834,bgd,2008,0.907155
2834,bgd,2009,0.910647
2834,bgd,2010,0.890221
2834,bgd,2011,0.91665
2834,bgd,2012,0.921957
2834,bgd,2013,0.93064
2834,bgd,2014,0.934293
2834,bgd,2015,0.935775
2834,bgd,2016,0.957393
2834,bgr,1995,0.709006
2834,bgr,1996,0.648569
2834,bgr,1997,0.671316
2834,bgr,1998,0.678083
2834,bgr,1999,0.689474
2834,bgr,2000,0.716075
2834,bgr,2001,0.734547
2834,bgr,2002,0.748294
2834,bgr,2003,0.731105
2834,bgr,2004,0.738963
2834,bgr,2005,0.72088
2834,bgr,2006,0.75546
2834,bgr,2007,0.750194
2834,bgr,2008,0.741525
2834,bgr,2009,0.722407
2834,bgr,2010,0.724043
2834,bgr,2011,0.746647
2834,bgr,2012,0.725312
2834,bgr,2013,0.720182
2834,bgr,2014,0.700072
2834,bgr,2015,0.70926
2834,bgr,2016,0.726776
2834,bhr,1995,0.955216
2834,bhr,1996,0.943716
2834,bhr,1997,0.953398
2834,bhr,1998,0.940975
2834,bhr,1999,0.949803
2834,bhr,2000,0.937275
2834,bhr,2001,0.945045
2834,bhr,2002,0.937595
2834,bhr,2003,0.94974
2834,bhr,2004,0.938416
2834,bhr,2005,0.938563
2834,bhr,2006,0.931412
2834,bhr,2007,0.922264
2834,bhr,2008,0.924492
2834,bhr,2009,0.925198
2834,bhr,2010,0.927399
2834,bhr,2011,0.939638
2834,bhr,2012,0.937057
2834,bhr,2013,0.928866
2834,bhr,2014,0.947495
2834,bhr,2015,0.924366
2834,bhr,2016,0.918568
2834,bhs,1995,0.952896
2834,bhs,1996,0.958272
2834,bhs,1997,0.969467
2834,bhs,1998,0.939291
2834,bhs,1999,0.9576
2834,bhs,2000,0.948279
2834,bhs,2001,0.937911
2834,bhs,2002,0.965137
2834,bhs,2003,0.964434
2834,bhs,2004,0.961535
2834,bhs,2005,0.974735
2834,bhs,2006,0.980694
2834,bhs,2007,0.966736
2834,bhs,2008,0.968854
2834,bhs,2009,0.969388
2834,bhs,2010,0.971255
2834,bhs,2011,0.973833
2834,bhs,2012,0.959966
2834,bhs,2013,0.96627
2834,bhs,2014,0.968238
2834,bhs,2015,0.972005
2834,bhs,2016,0.969673
2834,bih,1995,0.86194
2834,bih,1996,0.790148
2834,bih,1997,0.829531
2834,bih,1998,0.836393
2834,bih,1999,0.852042
2834,bih,2000,0.827315
2834,bih,2001,0.832215
2834,bih,2002,0.84045
2834,bih,2003,0.840636
2834,bih,2004,0.814813
2834,bih,2005,0.803303
2834,bih,2006,0.823008
2834,bih,2007,0.810478
2834,bih,2008,0.792303
2834,bih,2009,0.771382
2834,bih,2010,0.784763
2834,bih,2011,0.809986
2834,bih,2012,0.781821
2834,bih,2013,0.804118
2834,bih,2014,0.796075
2834,bih,2015,0.787882
2834,bih,2016,0.822175
2834,blr,1995,0.828819
2834,blr,1996,0.790279
2834,blr,1997,0.88308
2834,blr,1998,0.783018
2834,blr,1999,0.804905
2834,blr,2000,0.808245
2834,blr,2001,0.802308
2834,blr,2002,0.819447
2834,blr,2003,0.803712
2834,blr,2004,0.824978
2834,blr,2005,0.832073
2834,blr,2006,0.858346
2834,blr,2007,0.840677
2834,blr,2008,0.834984
2834,blr,2009,0.794499
2834,blr,2010,0.821569
2834,blr,2011,0.865094
2834,blr,2012,0.807905
2834,blr,2013,0.771833
2834,blr,2014,0.781217
2834,blr,2015,0.813225
2834,blr,2016,0.786284
2834,blz,1995,0.953192
2834,blz,1996,0.955177
2834,blz,1997,0.952126
2834,blz,1998,0.948426
2834,blz,1999,0.966985
2834,blz,2000,0.948606
2834,blz,2001,0.956026
2834,blz,2002,0.9474
2834,blz,2003,0.950549
2834,blz,2004,0.947795
2834,blz,2005,0.952626
2834,blz,2006,0.959428
2834,blz,2007,0.94643
2834,blz,2008,0.954097
2834,blz,2009,0.952942
2834,blz,2010,0.934282
2834,blz,2011,0.936091
2834,blz,2012,0.938693
2834,blz,2013,0.929143
2834,blz,2014,0.929298
2834,blz,2015,0.939093
2834,blz,2016,0.935564
2834,bmu,1995,0.979552
2834,bmu,1996,0.979368
2834,bmu,1997,0.974959
2834,bmu,1998,0.967829
2834,bmu,1999,0.960913
2834,bmu,2000,0.95983
2834,bmu,2001,0.97687
2834,bmu,2002,0.969778
2834,bmu,2003,0.976929
2834,bmu,2004,0.963151
2834,bmu,2005,0.982328
2834,bmu,2006,0.979455
2834,bmu,2007,0.980042
2834,bmu,2008,0.991374
2834,bmu,2009,0.972682
2834,bmu,2010,0.990456
2834,bmu,2011,0.98344
2834,bmu,2012,0.977223
2834,bmu,2013,0.985808
2834,bmu,2014,0.971704
2834,bmu,2015,0.97491
2834,bmu,2016,0.984267
2834,bol,1995,0.930859
2834,bol,1996,0.927361
2834,bol,1997,0.933205
2834,bol,1998,0.922551
2834,bol,1999,0.936792
2834,bol,2000,0.926232
2834,bol,2001,0.93467
2834,bol,2002,0.939416
2834,bol,2003,0.931879
2834,bol,2004,0.927737
2834,bol,2005,0.926573
2834,bol,2006,0.932813
2834,bol,2007,0.939573
2834,bol,2008,0.933926
2834,bol,2009,0.927911
2834,bol,2010,0.925304
2834,bol,2011,0.942096
2834,bol,2012,0.933879
2834,bol,2013,0.949933
2834,bol,2014,0.952861
2834,bol,2015,0.945652
2834,bol,2016,0.941507
2834,bra,1995,0.788479
2834,bra,1996,0.75979
2834,bra,1997,0.780231
2834,bra,1998,0.789789
2834,bra,1999,0.796015
2834,bra,2000,0.768778
2834,bra,2001,0.789345
2834,bra,2002,0.798298
2834,bra,2003,0.785098
2834,bra,2004,0.776862
2834,bra,2005,0.787827
2834,bra,2006,0.799723
2834,bra,2007,0.798381
2834,bra,2008,0.82787
2834,bra,2009,0.802443
2834,bra,2010,0.832673
2834,bra,2011,0.841758
2834,bra,2012,0.847263
2834,bra,2013,0.857525
2834,bra,2014,0.836965
2834,bra,2015,0.819871
2834,bra,2016,0.824619
2834,brb,1995,0.906162
2834,brb,1996,0.910621
2834,brb,1997,0.888165
2834,brb,1998,0.869927
2834,brb,1999,0.885799
2834,brb,2000,0.900324
2834,brb,2001,0.902449
2834,brb,2002,0.927154
2834,brb,2003,0.919079
2834,brb,2004,0.917043
2834,brb,2005,0.898533
2834,brb,2006,0.869106
2834,brb,2007,0.859675
2834,brb,2008,0.825729
2834,brb,2009,0.836494
2834,brb,2010,0.853571
2834,brb,2011,0.867445
2834,brb,2012,0.84552
2834,brb,2013,0.912739
2834,brb,2014,0.926868
2834,brb,2015,0.892049
2834,brb,2016,0.905855
2834,brn,1995,0.989722
2834,brn,1996,0.989396
2834,brn,1997,0.985469
2834,brn,1998,0.979659
2834,brn,1999,0.989551
2834,brn,2000,0.989392
2834,brn,2001,0.988407
2834,brn,2002,0.991128
2834,brn,2003,0.98174
2834,brn,2004,0.979735
2834,brn,2005,0.98886
2834,brn,2006,0.994049
2834,brn,2007,0.991897
2834,brn,2008,0.994782
2834,brn,2009,0.991739
2834,brn,2010,0.997465
2834,brn,2011,0.997595
2834,brn,2012,0.997836
2834,brn,2013,0.998547
2834,brn,2014,0.995644
2834,brn,2015,0.991539
2834,brn,2016,0.992899
2834,btn,1995,0.94731
2834,btn,1996,0.965728
2834,btn,1997,0.952742
2834,btn,1998,0.946952
2834,btn,1999,0.961132
2834,btn,2000,0.931281
2834,btn,2001,0.921605
2834,btn,2002,0.926357
2834,btn,2003,0.917772
2834,btn,2004,0.942452
2834,btn,2005,0.96015
2834,btn,2006,0.965384
2834,btn,2007,0.970695
2834,btn,2008,0.963751
2834,btn,2009,0.96544
2834,btn,2010,0.959674
2834,btn,2011,0.928616
2834,btn,2012,0.964514
2834,btn,2013,0.974854
2834,btn,2014,0.961886
2834,btn,2015,0.95761
2834,btn,2016,0.968606
2834,caf,1995,0.976727
2834,caf,1996,0.974308
2834,caf,1997,0.98693
2834,caf,1998,0.9825
2834,caf,1999,0.988069
2834,caf,2000,0.986672
2834,caf,2001,0.985186
2834,caf,2002,0.976748
2834,caf,2003,0.97859
2834,caf,2004,0.974564
2834,caf,2005,0.967998
2834,caf,2006,0.974679
2834,caf,2007,0.961855
2834,caf,2008,0.968779
2834,caf,2009,0.969918
2834,caf,2010,0.97071
2834,caf,2011,0.973056
2834,caf,2012,0.976165
2834,caf,2013,0.976445
2834,caf,2014,0.959617
2834,caf,2015,0.96259
2834,caf,2016,0.964052
2834,can,1995,0.784749
2834,can,1996,0.761519
2834,can,1997,0.741462
2834,can,1998,0.746218
2834,can,1999,0.757141
2834,can,2000,0.744822
2834,can,2001,0.756737
2834,can,2002,0.755124
2834,can,2003,0.759676
2834,can,2004,0.73908
2834,can,2005,0.768549
2834,can,2006,0.767433
2834,can,2007,0.743822
2834,can,2008,0.76862
2834,can,2009,0.744105
2834,can,2010,0.752939
2834,can,2011,0.759178
2834,can,2012,0.75182
2834,can,2013,0.775347
2834,can,2014,0.775377
2834,can,2015,0.746966
2834,can,2016,0.753866
2834,cck,1995,0.93353
2834,cck,1996,0.966592
2834,cck,1997,0.965561
2834,cck,1998,0.953122
2834,cck,1999,0.960848
2834,cck,2000,0.953553
2834,cck,2001,0.957404
2834,cck,2002,0.958532
2834,cck,2003,0.949813
2834,cck,2004,0.962161
2834,cck,2005,0.941759
2834,cck,2006,0.947937
2834,cck,2007,0.932483
2834,cck,2008,0.951416
2834,cck,2009,0.951871
2834,cck,2010,0.955631
2834,cck,2011,0.969037
2834,cck,2012,0.93436
2834,cck,2013,0.947689
2834,cck,2014,0.952554
2834,cck,2015,0.96044
2834,cck,2016,0.946966
2834,che,1995,0.731231
2834,che,1996,0.728833
2834,che,1997,0.740271
2834,che,1998,0.72914
2834,che,1999,0.698628
2834,che,2000,0.716353
2834,che,2001,0.715769
2834,che,2002,0.728554
2834,che,2003,0.746186
2834,che,2004,0.74401
2834,che,2005,0.745976
2834,che,2006,0.748448
2834,che,2007,0.740417
2834,che,2008,0.745173
2834,che,2009,0.789752
2834,che,2010,0.791335
2834,che,2011,0.792874
2834,che,2012,0.807329
2834,che,2013,0.835826
2834,che,2014,0.819908
2834,che,2015,0.839702
2834,che,2016,0.844012
2834,chl,1995,0.844835
2834,chl,1996,0.821522
2834,chl,1997,0.826609
2834,chl,1998,0.819834
2834,chl,1999,0.837431
2834,chl,2000,0.824684
2834,chl,2001,0.83317
2834,chl,2002,0.842165
2834,chl,2003,0.837518
2834,chl,2004,0.842367
2834,chl,2005,0.863606
2834,chl,2006,0.866379
2834,chl,2007,0.860726
2834,chl,2008,0.851419
2834,chl,2009,0.850154
2834,chl,2010,0.858189
2834,chl,2011,0.854791
2834,chl,2012,0.849543
2834,chl,2013,0.854458
2834,chl,2014,0.854102
2834,chl,2015,0.845337
2834,chl,2016,0.859585
2834,chn,1995,0.578355
2834,chn,1996,0.669385
2834,chn,1997,0.673213
2834,chn,1998,0.669376
2834,chn,1999,0.693398
2834,chn,2000,0.671735
2834,chn,2001,0.691622
2834,chn,2002,0.607905
2834,chn,2003,0.593672
2834,chn,2004,0.652142
2834,chn,2005,0.549982
2834,chn,2006,0.539202
2834,chn,2007,0.632748
2834,chn,2008,0.609956
2834,chn,2009,0.628673
2834,chn,2010,0.606815
2834,chn,2011,0.589355
2834,chn,2012,0.611802
2834,chn,2013,0.596149
2834,chn,2014,0.597946
2834,chn,2015,0.633768
2834,chn,2016,0.649078
2834,civ,1995,0.932147
2834,civ,1996,0.932252
2834,civ,1997,0.912278
2834,civ,1998,0.9197
2834,civ,1999,0.928423
2834,civ,2000,0.914859
2834,civ,2001,0.914964
2834,civ,2002,0.93177
2834,civ,2003,0.925314
2834,civ,2004,0.922271
2834,civ,2005,0.937078
2834,civ,2006,0.940504
2834,civ,2007,0.929724
2834,civ,2008,0.923464
2834,civ,2009,0.905297
2834,civ,2010,0.923751
2834,civ,2011,0.92925
2834,civ,2012,0.917261
2834,civ,2013,0.935185
2834,civ,2014,0.921204
2834,civ,2015,0.894585
2834,civ,2016,0.953069
2834,cmr,1995,0.963577
2834,cmr,1996,0.961944
2834,cmr,1997,0.955381
2834,cmr,1998,0.971483
2834,cmr,1999,0.978979
2834,cmr,2000,0.970134
2834,cmr,2001,0.971364
2834,cmr,2002,0.960002
2834,cmr,2003,0.960705
2834,cmr,2004,0.964814
2834,cmr,2005,0.963906
2834,cmr,2006,0.971673
2834,cmr,2007,0.956504
2834,cmr,2008,0.955462
2834,cmr,2009,0.930657
2834,cmr,2010,0.940577
2834,cmr,2011,0.93573
2834,cmr,2012,0.942189
2834,cmr,2013,0.956539
2834,cmr,2014,0.94747
2834,cmr,2015,0.93417
2834,cmr,2016,0.940335
2834,cod,1995,0.973276
2834,cod,1996,0.968479
2834,cod,1997,0.96859
2834,cod,1998,0.979506
2834,cod,1999,0.985359
2834,cod,2000,0.978258
2834,cod,2001,0.979162
2834,cod,2002,0.976913
2834,cod,2003,0.975391
2834,cod,2004,0.968058
2834,cod,2005,0.971388
2834,cod,2006,0.970566
2834,cod,2007,0.964032
2834,cod,2008,0.965524
2834,cod,2009,0.963463
2834,cod,2010,0.972659
2834,cod,2011,0.967394
2834,cod,2012,0.975887
2834,cod,2013,0.973573
2834,cod,2014,0.975872
2834,cod,2015,0.976834
2834,cod,2016,0.970926
2834,cog,1995,0.991158
2834,cog,1996,0.990782
2834,cog,1997,0.987406
2834,cog,1998,0.97888
2834,cog,1999,0.986978
2834,cog,2000,0.987043
2834,cog,2001,0.982988
2834,cog,2002,0.982577
2834,cog,2003,0.979578
2834,cog,2004,0.985106
2834,cog,2005,0.985123
2834,cog,2006,0.987634
2834,cog,2007,0.984414
2834,cog,2008,0.983297
2834,cog,2009,0.976384
2834,cog,2010,0.988688
2834,cog,2011,0.987503
2834,cog,2012,0.980123
2834,cog,2013,0.985104
2834,cog,2014,0.984388
2834,cog,2015,0.976204
2834,cog,2016,0.977812
2834,cok,1995,0.937439
2834,cok,1996,0.953086
2834,cok,1997,0.935372
2834,cok,1998,0.939508
2834,cok,1999,0.949047
2834,cok,2000,0.963441
2834,cok,2001,0.969669
2834,cok,2002,0.954962
2834,cok,2003,0.957556
2834,cok,2004,0.95737
2834,cok,2005,0.95419
2834,cok,2006,0.949894
2834,cok,2007,0.957701
2834,cok,2008,0.96333
2834,cok,2009,0.946481
2834,cok,2010,0.944903
2834,cok,2011,0.968605
2834,cok,2012,0.972569
2834,cok,2013,0.956575
2834,cok,2014,0.971631
2834,cok,2015,0.967609
2834,cok,2016,0.97322
2834,col,1995,0.873343
2834,col,1996,0.866744
2834,col,1997,0.866669
2834,col,1998,0.852483
2834,col,1999,0.870006
2834,col,2000,0.848926
2834,col,2001,0.842412
2834,col,2002,0.847683
2834,col,2003,0.853038
2834,col,2004,0.822057
2834,col,2005,0.836013
2834,col,2006,0.839223
2834,col,2007,0.829096
2834,col,2008,0.832122
2834,col,2009,0.810337
2834,col,2010,0.826864
2834,col,2011,0.859589
2834,col,2012,0.889875
2834,col,2013,0.905867
2834,col,2014,0.896546
2834,col,2015,0.87305
2834,col,2016,0.87933
2834,com,1995,0.978442
2834,com,1996,0.988675
2834,com,1997,0.97525
2834,com,1998,0.980213
2834,com,1999,0.980356
2834,com,2000,0.981409
2834,com,2001,0.987621
2834,com,2002,0.986348
2834,com,2003,0.989058
2834,com,2004,0.985161
2834,com,2005,0.981651
2834,com,2006,0.986587
2834,com,2007,0.983011
2834,com,2008,0.983351
2834,com,2009,0.96819
2834,com,2010,0.978183
2834,com,2011,0.982863
2834,com,2012,0.984712
2834,com,2013,0.982374
2834,com,2014,0.979483
2834,com,2015,0.978968
2834,com,2016,0.992116
2834,cpv,1995,0.965685
2834,cpv,1996,0.957353
2834,cpv,1997,0.940464
2834,cpv,1998,0.951763
2834,cpv,1999,0.981155
2834,cpv,2000,0.924693
2834,cpv,2001,0.929882
2834,cpv,2002,0.963966
2834,cpv,2003,0.952026
2834,cpv,2004,0.960757
2834,cpv,2005,0.948748
2834,cpv,2006,0.948717
2834,cpv,2007,0.932973
2834,cpv,2008,0.956936
2834,cpv,2009,0.954019
2834,cpv,2010,0.965587
2834,cpv,2011,0.952931
2834,cpv,2012,0.960556
2834,cpv,2013,0.971308
2834,cpv,2014,0.957239
2834,cpv,2015,0.952202
2834,cpv,2016,0.962753
2834,cri,1995,0.88983
2834,cri,1996,0.877461
2834,cri,1997,0.866038
2834,cri,1998,0.880139
2834,cri,1999,0.914807
2834,cri,2000,0.883512
2834,cri,2001,0.881529
2834,cri,2002,0.895239
2834,cri,2003,0.911843
2834,cri,2004,0.897911
2834,cri,2005,0.899546
2834,cri,2006,0.907643
2834,cri,2007,0.896104
2834,cri,2008,0.894582
2834,cri,2009,0.898502
2834,cri,2010,0.907503
2834,cri,2011,0.91064
2834,cri,2012,0.919899
2834,cri,2013,0.917876
2834,cri,2014,0.911222
2834,cri,2015,0.827352
2834,cri,2016,0.848826
2834,cub,1995,0.960944
2834,cub,1996,0.956234
2834,cub,1997,0.966903
2834,cub,1998,0.955096
2834,cub,1999,0.944295
2834,cub,2000,0.956047
2834,cub,2001,0.953521
2834,cub,2002,0.95006
2834,cub,2003,0.935747
2834,cub,2004,0.933954
2834,cub,2005,0.945045
2834,cub,2006,0.967514
2834,cub,2007,0.968715
2834,cub,2008,0.959795
2834,cub,2009,0.937413
2834,cub,2010,0.948785
2834,cub,2011,0.959864
2834,cub,2012,0.94057
2834,cub,2013,0.952444
2834,cub,2014,0.953666
2834,cub,2015,0.953209
2834,cub,2016,0.957736
2834,cxr,1995,0.982196
2834,cxr,1996,0.981647
2834,cxr,1997,0.983127
2834,cxr,1998,0.989448
2834,cxr,1999,0.989701
2834,cxr,2000,0.979535
2834,cxr,2001,0.990679
2834,cxr,2002,0.977616
2834,cxr,2003,0.97167
2834,cxr,2004,0.981011
2834,cxr,2005,0.979393
2834,cxr,2006,0.970516
2834,cxr,2007,0.963469
2834,cxr,2008,0.978019
2834,cxr,2009,0.978374
2834,cxr,2010,0.971146
2834,cxr,2011,0.979291
2834,cxr,2012,0.979838
2834,cxr,2013,0.976812
2834,cxr,2014,0.971719
2834,cxr,2015,0.978503
2834,cxr,2016,0.978794
2834,cym,1995,0.948379
2834,cym,1996,0.970627
2834,cym,1997,0.973255
2834,cym,1998,0.959347
2834,cym,1999,0.978346
2834,cym,2000,0.983825
2834,cym,2001,0.974131
2834,cym,2002,0.971049
2834,cym,2003,0.985629
2834,cym,2004,0.990401
2834,cym,2005,0.985043
2834,cym,2006,0.99543
2834,cym,2007,0.972779
2834,cym,2008,0.986833
2834,cym,2009,0.971397
2834,cym,2010,0.985972
2834,cym,2011,0.994055
2834,cym,2012,0.989118
2834,cym,2013,0.989656
2834,cym,2014,0.986697
2834,cym,2015,0.986744
2834,cym,2016,0.992683
2834,cyp,1995,0.878188
2834,cyp,1996,0.87435
2834,cyp,1997,0.844024
2834,cyp,1998,0.827996
2834,cyp,1999,0.851248
2834,cyp,2000,0.828064
2834,cyp,2001,0.859942
2834,cyp,2002,0.844153
2834,cyp,2003,0.862767
2834,cyp,2004,0.82252
2834,cyp,2005,0.814506
2834,cyp,2006,0.884094
2834,cyp,2007,0.822266
2834,cyp,2008,0.789454
2834,cyp,2009,0.806782
2834,cyp,2010,0.794345
2834,cyp,2011,0.828819
2834,cyp,2012,0.841567
2834,cyp,2013,0.828077
2834,cyp,2014,0.781665
2834,cyp,2015,0.841303
2834,cyp,2016,0.801762
2834,cze,1995,0.484331
2834,cze,1996,0.487639
2834,cze,1997,0.481521
2834,cze,1998,0.517939
2834,cze,1999,0.608017
2834,cze,2000,0.594954
2834,cze,2001,0.616752
2834,cze,2002,0.652309
2834,cze,2003,0.623786
2834,cze,2004,0.665316
2834,cze,2005,0.641835
2834,cze,2006,0.652035
2834,cze,2007,0.665263
2834,cze,2008,0.673891
2834,cze,2009,0.660861
2834,cze,2010,0.693382
2834,cze,2011,0.669168
2834,cze,2012,0.648628
2834,cze,2013,0.65015
2834,cze,2014,0.669315
2834,cze,2015,0.684634
2834,cze,2016,0.6895
2834,deu,1995,0.581644
2834,deu,1996,0.55566
2834,deu,1997,0.543723
2834,deu,1998,0.54327
2834,deu,1999,0.429932
2834,deu,2000,0.540964
2834,deu,2001,0.461236
2834,deu,2002,0.480922
2834,deu,2003,0.591536
2834,deu,2004,0.597879
2834,deu,2005,0.579315
2834,deu,2006,0.551994
2834,deu,2007,0.551194
2834,deu,2008,0.548537
2834,deu,2009,0.558893
2834,deu,2010,0.545207
2834,deu,2011,0.505141
2834,deu,2012,0.502588
2834,deu,2013,0.502745
2834,deu,2014,0.531938
2834,deu,2015,0.562506
2834,deu,2016,0.551645
2834,dji,1995,0.859384
2834,dji,1996,0.947339
2834,dji,1997,0.914992
2834,dji,1998,0.91586
2834,dji,1999,0.928981
2834,dji,2000,0.933446
2834,dji,2001,0.89115
2834,dji,2002,0.912581
2834,dji,2003,0.928997
2834,dji,2004,0.926157
2834,dji,2005,0.900286
2834,dji,2006,0.929667
2834,dji,2007,0.968118
2834,dji,2008,0.959318
2834,dji,2009,0.969075
2834,dji,2010,0.955881
2834,dji,2011,0.958714
2834,dji,2012,0.950751
2834,dji,2013,0.953893
2834,dji,2014,0.957944
2834,dji,2015,0.946744
2834,dji,2016,0.952272
2834,dma,1995,0.919814
2834,dma,1996,0.93112
2834,dma,1997,0.895481
2834,dma,1998,0.912133
2834,dma,1999,0.897381
2834,dma,2000,0.892777
2834,dma,2001,0.886402
2834,dma,2002,0.923125
2834,dma,2003,0.924536
2834,dma,2004,0.90268
2834,dma,2005,0.899113
2834,dma,2006,0.912922
2834,dma,2007,0.905124
2834,dma,2008,0.902341
2834,dma,2009,0.901278
2834,dma,2010,0.88564
2834,dma,2011,0.921775
2834,dma,2012,0.887883
2834,dma,2013,0.912725
2834,dma,2014,0.913083
2834,dma,2015,0.907094
2834,dma,2016,0.923461
2834,dnk,1995,0.72073
2834,dnk,1996,0.712857
2834,dnk,1997,0.674457
2834,dnk,1998,0.658816
2834,dnk,1999,0.655485
2834,dnk,2000,0.618001
2834,dnk,2001,0.659494
2834,dnk,2002,0.690943
2834,dnk,2003,0.692619
2834,dnk,2004,0.683331
2834,dnk,2005,0.691529
2834,dnk,2006,0.677534
2834,dnk,2007,0.641109
2834,dnk,2008,0.641408
2834,dnk,2009,0.653666
2834,dnk,2010,0.639574
2834,dnk,2011,0.62125
2834,dnk,2012,0.612843
2834,dnk,2013,0.620518
2834,dnk,2014,0.621874
2834,dnk,2015,0.628311
2834,dnk,2016,0.638885
2834,dom,1995,0.921865
2834,dom,1996,0.921672
2834,dom,1997,0.927534
2834,dom,1998,0.920401
2834,dom,1999,0.929905
2834,dom,2000,0.912934
2834,dom,2001,0.90432
2834,dom,2002,0.888822
2834,dom,2003,0.87944
2834,dom,2004,0.88781
2834,dom,2005,0.866476
2834,dom,2006,0.864617
2834,dom,2007,0.85704
2834,dom,2008,0.835471
2834,dom,2009,0.830685
2834,dom,2010,0.808065
2834,dom,2011,0.820618
2834,dom,2012,0.817155
2834,dom,2013,0.850238
2834,dom,2014,0.830425
2834,dom,2015,0.841995
2834,dom,2016,0.863939
2834,dza,1995,0.97882
2834,dza,1996,0.970794
2834,dza,1997,0.980279
2834,dza,1998,0.977663
2834,dza,1999,0.985594
2834,dza,2000,0.982891
2834,dza,2001,0.984663
2834,dza,2002,0.980113
2834,dza,2003,0.978406
2834,dza,2004,0.978677
2834,dza,2005,0.981766
2834,dza,2006,0.986712
2834,dza,2007,0.986454
2834,dza,2008,0.987555
2834,dza,2009,0.983889
2834,dza,2010,0.984983
2834,dza,2011,0.989203
2834,dza,2012,0.98761
2834,dza,2013,0.990509
2834,dza,2014,0.988369
2834,dza,2015,0.986849
2834,dza,2016,0.984468
2834,ecu,1995,0.936924
2834,ecu,1996,0.936946
2834,ecu,1997,0.940707
2834,ecu,1998,0.936298
2834,ecu,1999,0.9427
2834,ecu,2000,0.927114
2834,ecu,2001,0.930207
2834,ecu,2002,0.927637
2834,ecu,2003,0.930673
2834,ecu,2004,0.933325
2834,ecu,2005,0.938098
2834,ecu,2006,0.939125
2834,ecu,2007,0.930179
2834,ecu,2008,0.934943
2834,ecu,2009,0.919447
2834,ecu,2010,0.908879
2834,ecu,2011,0.909295
2834,ecu,2012,0.91603
2834,ecu,2013,0.938744
2834,ecu,2014,0.938953
2834,ecu,2015,0.921389
2834,ecu,2016,0.939632
2834,egy,1995,0.832717
2834,egy,1996,0.838551
2834,egy,1997,0.805496
2834,egy,1998,0.811712
2834,egy,1999,0.817931
2834,egy,2000,0.79732
2834,egy,2001,0.802602
2834,egy,2002,0.79052
2834,egy,2003,0.794166
2834,egy,2004,0.759685
2834,egy,2005,0.76425
2834,egy,2006,0.770736
2834,egy,2007,0.750199
2834,egy,2008,0.714755
2834,egy,2009,0.679094
2834,egy,2010,0.68567
2834,egy,2011,0.769442
2834,egy,2012,0.762716
2834,egy,2013,0.746042
2834,egy,2014,0.743015
2834,egy,2015,0.728264
2834,egy,2016,0.772551
2834,eri,1995,0.954448
2834,eri,1996,0.97098
2834,eri,1997,0.972932
2834,eri,1998,0.94525
2834,eri,1999,0.947815
2834,eri,2000,0.943244
2834,eri,2001,0.950843
2834,eri,2002,0.932691
2834,eri,2003,0.931882
2834,eri,2004,0.923991
2834,eri,2005,0.941312
2834,eri,2006,0.930553
2834,eri,2007,0.971589
2834,eri,2008,0.935679
2834,eri,2009,0.916975
2834,eri,2010,0.918745
2834,eri,2011,0.980719
2834,eri,2012,0.982613
2834,eri,2013,0.982645
2834,eri,2014,0.993014
2834,eri,2015,0.990425
2834,eri,2016,0.990397
2834,esh,1995,0.993319
2834,esh,1996,0.99436
2834,esh,1997,0.990978
2834,esh,1998,0.988254
2834,esh,1999,0.982361
2834,esh,2000,0.96911
2834,esh,2001,0.984758
2834,esh,2002,0.994815
2834,esh,2003,0.977986
2834,esh,2004,0.991305
2834,esh,2005,0.982954
2834,esh,2006,0.989588
2834,esh,2007,0.976021
2834,esh,2008,0.98959
2834,esh,2009,0.979913
2834,esh,2010,0.992371
2834,esh,2011,0.987165
2834,esh,2012,0.970514
2834,esh,2013,0.97921
2834,esh,2014,0.987585
2834,esh,2015,0.968202
2834,esh,2016,0.988061
2834,esp,1995,0.654846
2834,esp,1996,0.634561
2834,esp,1997,0.621493
2834,esp,1998,0.635079
2834,esp,1999,0.637945
2834,esp,2000,0.587203
2834,esp,2001,0.590927
2834,esp,2002,0.596797
2834,esp,2003,0.626119
2834,esp,2004,0.607326
2834,esp,2005,0.587331
2834,esp,2006,0.588414
2834,esp,2007,0.559667
2834,esp,2008,0.557532
2834,esp,2009,0.542134
2834,esp,2010,0.453487
2834,esp,2011,0.450828
2834,esp,2012,0.442334
2834,esp,2013,0.453454
2834,esp,2014,0.472119
2834,esp,2015,0.476592
2834,esp,2016,0.489918
2834,est,1995,0.764349
2834,est,1996,0.756609
2834,est,1997,0.760965
2834,est,1998,0.70937
2834,est,1999,0.790217
2834,est,2000,0.7795
2834,est,2001,0.739647
2834,est,2002,0.799339
2834,est,2003,0.793248
2834,est,2004,0.783776
2834,est,2005,0.754168
2834,est,2006,0.779045
2834,est,2007,0.736001
2834,est,2008,0.730179
2834,est,2009,0.721996
2834,est,2010,0.731213
2834,est,2011,0.742574
2834,est,2012,0.708511
2834,est,2013,0.706021
2834,est,2014,0.729505
2834,est,2015,0.728
2834,est,2016,0.732955
2834,eth,1995,0.975939
2834,eth,1996,0.975276
2834,eth,1997,0.970829
2834,eth,1998,0.9679
2834,eth,1999,0.96199
2834,eth,2000,0.949342
2834,eth,2001,0.944806
2834,eth,2002,0.935868
2834,eth,2003,0.944393
2834,eth,2004,0.917634
2834,eth,2005,0.934316
2834,eth,2006,0.938584
2834,eth,2007,0.912019
2834,eth,2008,0.904452
2834,eth,2009,0.908391
2834,eth,2010,0.888537
2834,eth,2011,0.923633
2834,eth,2012,0.920176
2834,eth,2013,0.94219
2834,eth,2014,0.939156
2834,eth,2015,0.930614
2834,eth,2016,0.931947
2834,fin,1995,0.797655
2834,fin,1996,0.78271
2834,fin,1997,0.758252
2834,fin,1998,0.779892
2834,fin,1999,0.780111
2834,fin,2000,0.785491
2834,fin,2001,0.768907
2834,fin,2002,0.793269
2834,fin,2003,0.79877
2834,fin,2004,0.799961
2834,fin,2005,0.799231
2834,fin,2006,0.807902
2834,fin,2007,0.793772
2834,fin,2008,0.792864
2834,fin,2009,0.795174
2834,fin,2010,0.783304
2834,fin,2011,0.762602
2834,fin,2012,0.747609
2834,fin,2013,0.752672
2834,fin,2014,0.750631
2834,fin,2015,0.758951
2834,fin,2016,0.751875
2834,fji,1995,0.939861
2834,fji,1996,0.940261
2834,fji,1997,0.931268
2834,fji,1998,0.929192
2834,fji,1999,0.941251
2834,fji,2000,0.902869
2834,fji,2001,0.947652
2834,fji,2002,0.897124
2834,fji,2003,0.88971
2834,fji,2004,0.895912
2834,fji,2005,0.892379
2834,fji,2006,0.897584
2834,fji,2007,0.887114
2834,fji,2008,0.879325
2834,fji,2009,0.87739
2834,fji,2010,0.850661
2834,fji,2011,0.86484
2834,fji,2012,0.851547
2834,fji,2013,0.869654
2834,fji,2014,0.865198
2834,fji,2015,0.858454
2834,fji,2016,0.849202
2834,flk,1995,0.976278
2834,flk,1996,0.984561
2834,flk,1997,0.978436
2834,flk,1998,0.977052
2834,flk,1999,0.976319
2834,flk,2000,0.98505
2834,flk,2001,0.986563
2834,flk,2002,0.992519
2834,flk,2003,0.990129
2834,flk,2004,0.98949
2834,flk,2005,0.993752
2834,flk,2006,0.989517
2834,flk,2007,0.989872
2834,flk,2008,0.98983
2834,flk,2009,0.985962
2834,flk,2010,0.989682
2834,flk,2011,0.989986
2834,flk,2012,0.991478
2834,flk,2013,0.994243
2834,flk,2014,0.984526
2834,flk,2015,0.988435
2834,flk,2016,0.992737
2834,fra,1995,0.580851
2834,fra,1996,0.568424
2834,fra,1997,0.56456
2834,fra,1998,0.570158
2834,fra,1999,0.539597
2834,fra,2000,0.548559
2834,fra,2001,0.563014
2834,fra,2002,0.5857
2834,fra,2003,0.597945
2834,fra,2004,0.582699
2834,fra,2005,0.590716
2834,fra,2006,0.581029
2834,fra,2007,0.562311
2834,fra,2008,0.554241
2834,fra,2009,0.560869
2834,fra,2010,0.558639
2834,fra,2011,0.550479
2834,fra,2012,0.543645
2834,fra,2013,0.543886
2834,fra,2014,0.546502
2834,fra,2015,0.571212
2834,fra,2016,0.577056
2834,fro,1995,0.98058
2834,fro,1996,0.974674
2834,fro,1997,0.980058
2834,fro,1998,0.978382
2834,fro,1999,0.981497
2834,fro,2000,0.97308
2834,fro,2001,0.981511
2834,fro,2002,0.97112
2834,fro,2003,0.973211
2834,fro,2004,0.976957
2834,fro,2005,0.977561
2834,fro,2006,0.971796
2834,fro,2007,0.970007
2834,fro,2008,0.968036
2834,fro,2009,0.974106
2834,fro,2010,0.974385
2834,fro,2011,0.977582
2834,fro,2012,0.975935
2834,fro,2013,0.973195
2834,fro,2014,0.974581
2834,fro,2015,0.975755
2834,fro,2016,0.97618
2834,fsm,1995,0.984023
2834,fsm,1996,0.981545
2834,fsm,1997,0.977379
2834,fsm,1998,0.981489
2834,fsm,1999,0.986342
2834,fsm,2000,0.983698
2834,fsm,2001,0.988828
2834,fsm,2002,0.982336
2834,fsm,2003,0.979008
2834,fsm,2004,0.97631
2834,fsm,2005,0.988313
2834,fsm,2006,0.987022
2834,fsm,2007,0.977437
2834,fsm,2008,0.979975
2834,fsm,2009,0.979081
2834,fsm,2010,0.979098
2834,fsm,2011,0.978128
2834,fsm,2012,0.984665
2834,fsm,2013,0.981393
2834,fsm,2014,0.978001
2834,fsm,2015,0.983529
2834,fsm,2016,0.98427
2834,gab,1995,0.992466
2834,gab,1996,0.990752
2834,gab,1997,0.991597
2834,gab,1998,0.985347
2834,gab,1999,0.987361
2834,gab,2000,0.989036
2834,gab,2001,0.985156
2834,gab,2002,0.989551
2834,gab,2003,0.987098
2834,gab,2004,0.980221
2834,gab,2005,0.987
2834,gab,2006,0.991459
2834,gab,2007,0.992085
2834,gab,2008,0.989328
2834,gab,2009,0.981938
2834,gab,2010,0.987747
2834,gab,2011,0.989027
2834,gab,2012,0.988208
2834,gab,2013,0.992277
2834,gab,2014,0.994023
2834,gab,2015,0.985864
2834,gab,2016,0.988558
2834,gbr,1995,0.634639
2834,gbr,1996,0.630174
2834,gbr,1997,0.597904
2834,gbr,1998,0.595454
2834,gbr,1999,0.618107
2834,gbr,2000,0.663178
2834,gbr,2001,0.656384
2834,gbr,2002,0.673693
2834,gbr,2003,0.683466
2834,gbr,2004,0.657385
2834,gbr,2005,0.682171
2834,gbr,2006,0.70907
2834,gbr,2007,0.655814
2834,gbr,2008,0.679642
2834,gbr,2009,0.715037
2834,gbr,2010,0.703203
2834,gbr,2011,0.698421
2834,gbr,2012,0.69037
2834,gbr,2013,0.701385
2834,gbr,2014,0.678254
2834,gbr,2015,0.697246
2834,gbr,2016,0.670201
2834,geo,1995,0.910495
2834,geo,1996,0.816385
2834,geo,1997,0.836417
2834,geo,1998,0.833354
2834,geo,1999,0.897608
2834,geo,2000,0.845128
2834,geo,2001,0.90212
2834,geo,2002,0.918016
2834,geo,2003,0.921256
2834,geo,2004,0.914521
2834,geo,2005,0.921201
2834,geo,2006,0.931749
2834,geo,2007,0.91036
2834,geo,2008,0.906001
2834,geo,2009,0.889502
2834,geo,2010,0.893152
2834,geo,2011,0.902752
2834,geo,2012,0.894821
2834,geo,2013,0.888633
2834,geo,2014,0.899581
2834,geo,2015,0.877856
2834,geo,2016,0.875507
2834,gha,1995,0.963234
2834,gha,1996,0.950082
2834,gha,1997,0.943204
2834,gha,1998,0.941473
2834,gha,1999,0.945173
2834,gha,2000,0.935194
2834,gha,2001,0.934032
2834,gha,2002,0.951609
2834,gha,2003,0.91797
2834,gha,2004,0.933048
2834,gha,2005,0.929856
2834,gha,2006,0.941619
2834,gha,2007,0.912591
2834,gha,2008,0.920206
2834,gha,2009,0.881703
2834,gha,2010,0.897693
2834,gha,2011,0.903545
2834,gha,2012,0.911393
2834,gha,2013,0.934403
2834,gha,2014,0.930351
2834,gha,2015,0.932238
2834,gha,2016,0.943799
2834,gib,1995,0.9512
2834,gib,1996,0.956903
2834,gib,1997,0.946032
2834,gib,1998,0.940201
2834,gib,1999,0.930571
2834,gib,2000,0.932812
2834,gib,2001,0.954712
2834,gib,2002,0.943726
2834,gib,2003,0.955312
2834,gib,2004,0.957063
2834,gib,2005,0.965838
2834,gib,2006,0.96269
2834,gib,2007,0.947266
2834,gib,2008,0.961043
2834,gib,2009,0.958183
2834,gib,2010,0.97236
2834,gib,2011,0.975932
2834,gib,2012,0.983544
2834,gib,2013,0.981309
2834,gib,2014,0.985087
2834,gib,2015,0.980978
2834,gib,2016,0.976086
2834,gin,1995,0.980766
2834,gin,1996,0.973017
2834,gin,1997,0.981496
2834,gin,1998,0.98164
2834,gin,1999,0.986051
2834,gin,2000,0.978629
2834,gin,2001,0.978714
2834,gin,2002,0.980575
2834,gin,2003,0.981752
2834,gin,2004,0.97244
2834,gin,2005,0.978698
2834,gin,2006,0.979952
2834,gin,2007,0.97942
2834,gin,2008,0.972364
2834,gin,2009,0.972873
2834,gin,2010,0.974863
2834,gin,2011,0.983171
2834,gin,2012,0.974241
2834,gin,2013,0.985864
2834,gin,2014,0.974784
2834,gin,2015,0.963693
2834,gin,2016,0.977998
2834,glp,1995,0.948833
2834,gmb,1995,0.972908
2834,gmb,1996,0.980958
2834,gmb,1997,0.971669
2834,gmb,1998,0.967866
2834,gmb,1999,0.966233
2834,gmb,2000,0.950172
2834,gmb,2001,0.937034
2834,gmb,2002,0.911275
2834,gmb,2003,0.923816
2834,gmb,2004,0.922554
2834,gmb,2005,0.919105
2834,gmb,2006,0.951387
2834,gmb,2007,0.943453
2834,gmb,2008,0.938318
2834,gmb,2009,0.91103
2834,gmb,2010,0.935792
2834,gmb,2011,0.972344
2834,gmb,2012,0.961811
2834,gmb,2013,0.972375
2834,gmb,2014,0.964599
2834,gmb,2015,0.96376
2834,gmb,2016,0.970204
2834,gnb,1995,0.990563
2834,gnb,1996,0.989726
2834,gnb,1997,0.98321
2834,gnb,1998,0.985844
2834,gnb,1999,0.990373
2834,gnb,2000,0.987727
2834,gnb,2001,0.989991
2834,gnb,2002,0.975208
2834,gnb,2003,0.963188
2834,gnb,2004,0.967225
2834,gnb,2005,0.956107
2834,gnb,2006,0.985615
2834,gnb,2007,0.984211
2834,gnb,2008,0.984324
2834,gnb,2009,0.98154
2834,gnb,2010,0.990382
2834,gnb,2011,0.983238
2834,gnb,2012,0.982767
2834,gnb,2013,0.992867
2834,gnb,2014,0.990029
2834,gnb,2015,0.988997
2834,gnb,2016,0.98552
2834,gnq,1995,0.991683
2834,gnq,1996,0.993837
2834,gnq,1997,0.994413
2834,gnq,1998,0.994195
2834,gnq,1999,0.992947
2834,gnq,2000,0.994574
2834,gnq,2001,0.995781
2834,gnq,2002,0.996521
2834,gnq,2003,0.996987
2834,gnq,2004,0.996605
2834,gnq,2005,0.997284
2834,gnq,2006,0.997459
2834,gnq,2007,0.99357
2834,gnq,2008,0.992833
2834,gnq,2009,0.993597
2834,gnq,2010,0.996352
2834,gnq,2011,0.993635
2834,gnq,2012,0.994943
2834,gnq,2013,0.996511
2834,gnq,2014,0.997051
2834,gnq,2015,0.996356
2834,gnq,2016,0.996495
2834,grc,1995,0.796743
2834,grc,1996,0.777246
2834,grc,1997,0.756106
2834,grc,1998,0.769034
2834,grc,1999,0.768898
2834,grc,2000,0.743193
2834,grc,2001,0.761076
2834,grc,2002,0.75027
2834,grc,2003,0.751443
2834,grc,2004,0.709416
2834,grc,2005,0.71561
2834,grc,2006,0.750213
2834,grc,2007,0.717651
2834,grc,2008,0.714587
2834,grc,2009,0.696278
2834,grc,2010,0.699881
2834,grc,2011,0.746953
2834,grc,2012,0.757933
2834,grc,2013,0.728376
2834,grc,2014,0.727666
2834,grc,2015,0.698087
2834,grc,2016,0.727184
2834,grd,1995,0.964094
2834,grd,1996,0.957466
2834,grd,1997,0.957412
2834,grd,1998,0.967365
2834,grd,1999,0.954759
2834,grd,2000,0.945746
2834,grd,2001,0.946387
2834,grd,2002,0.953658
2834,grd,2003,0.949103
2834,grd,2004,0.951347
2834,grd,2005,0.953836
2834,grd,2006,0.952391
2834,grd,2007,0.962291
2834,grd,2008,0.93737
2834,grd,2009,0.936072
2834,grd,2010,0.949588
2834,grd,2011,0.941784
2834,grd,2012,0.940844
2834,grd,2013,0.947096
2834,grd,2014,0.942814
2834,grd,2015,0.94224
2834,grd,2016,0.958618
2834,grl,1995,0.983933
2834,grl,1996,0.983531
2834,grl,1997,0.983192
2834,grl,1998,0.980013
2834,grl,1999,0.983237
2834,grl,2000,0.974106
2834,grl,2001,0.975055
2834,grl,2002,0.98162
2834,grl,2003,0.98269
2834,grl,2004,0.981208
2834,grl,2005,0.98648
2834,grl,2006,0.979993
2834,grl,2007,0.979882
2834,grl,2008,0.975812
2834,grl,2009,0.978118
2834,grl,2010,0.975037
2834,grl,2011,0.977854
2834,grl,2012,0.98192
2834,grl,2013,0.981398
2834,grl,2014,0.982574
2834,grl,2015,0.978521
2834,grl,2016,0.979599
2834,gtm,1995,0.863526
2834,gtm,1996,0.857337
2834,gtm,1997,0.852911
2834,gtm,1998,0.853035
2834,gtm,1999,0.86685
2834,gtm,2000,0.839435
2834,gtm,2001,0.855137
2834,gtm,2002,0.869172
2834,gtm,2003,0.85432
2834,gtm,2004,0.838715
2834,gtm,2005,0.825839
2834,gtm,2006,0.827886
2834,gtm,2007,0.816732
2834,gtm,2008,0.801528
2834,gtm,2009,0.767708
2834,gtm,2010,0.769201
2834,gtm,2011,0.762856
2834,gtm,2012,0.76898
2834,gtm,2013,0.801371
2834,gtm,2014,0.801466
2834,gtm,2015,0.791329
2834,gtm,2016,0.82016
2834,guf,1995,0.963022
2834,guy,1995,0.967992
2834,guy,1996,0.96396
2834,guy,1997,0.957983
2834,guy,1998,0.950505
2834,guy,1999,0.965303
2834,guy,2000,0.959127
2834,guy,2001,0.956214
2834,guy,2002,0.949026
2834,guy,2003,0.937619
2834,guy,2004,0.943016
2834,guy,2005,0.948626
2834,guy,2006,0.949423
2834,guy,2007,0.945198
2834,guy,2008,0.947944
2834,guy,2009,0.942376
2834,guy,2010,0.943064
2834,guy,2011,0.955225
2834,guy,2012,0.944106
2834,guy,2013,0.959217
2834,guy,2014,0.954054
2834,guy,2015,0.939836
2834,guy,2016,0.950164
2834,hkg,1995,0.705508
2834,hkg,1996,0.749227
2834,hkg,1997,0.756227
2834,hkg,1998,0.76429
2834,hkg,1999,0.771406
2834,hkg,2000,0.77143
2834,hkg,2001,0.808864
2834,hkg,2002,0.77741
2834,hkg,2003,0.771494
2834,hkg,2004,0.807023
2834,hkg,2005,0.782653
2834,hkg,2006,0.775671
2834,hkg,2007,0.830407
2834,hkg,2008,0.796487
2834,hkg,2009,0.809109
2834,hkg,2010,0.805086
2834,hkg,2011,0.823733
2834,hkg,2012,0.853536
2834,hkg,2013,0.855215
2834,hkg,2014,0.855182
2834,hkg,2015,0.848397
2834,hkg,2016,0.8693
2834,hnd,1995,0.905034
2834,hnd,1996,0.902885
2834,hnd,1997,0.893566
2834,hnd,1998,0.894427
2834,hnd,1999,0.910014
2834,hnd,2000,0.910352
2834,hnd,2001,0.905835
2834,hnd,2002,0.908796
2834,hnd,2003,0.898019
2834,hnd,2004,0.892133
2834,hnd,2005,0.88389
2834,hnd,2006,0.895358
2834,hnd,2007,0.8833
2834,hnd,2008,0.882431
2834,hnd,2009,0.859163
2834,hnd,2010,0.845933
2834,hnd,2011,0.873203
2834,hnd,2012,0.854776
2834,hnd,2013,0.873992
2834,hnd,2014,0.843519
2834,hnd,2015,0.853318
2834,hnd,2016,0.877255
2834,hrv,1995,0.746543
2834,hrv,1996,0.752149
2834,hrv,1997,0.744454
2834,hrv,1998,0.762713
2834,hrv,1999,0.789427
2834,hrv,2000,0.763946
2834,hrv,2001,0.784093
2834,hrv,2002,0.785313
2834,hrv,2003,0.783486
2834,hrv,2004,0.778954
2834,hrv,2005,0.757437
2834,hrv,2006,0.785597
2834,hrv,2007,0.759654
2834,hrv,2008,0.750094
2834,hrv,2009,0.733934
2834,hrv,2010,0.753645
2834,hrv,2011,0.756084
2834,hrv,2012,0.74544
2834,hrv,2013,0.731602
2834,hrv,2014,0.709674
2834,hrv,2015,0.721186
2834,hrv,2016,0.713556
2834,hti,1995,0.921244
2834,hti,1996,0.943625
2834,hti,1997,0.937036
2834,hti,1998,0.947632
2834,hti,1999,0.960337
2834,hti,2000,0.94369
2834,hti,2001,0.955031
2834,hti,2002,0.946985
2834,hti,2003,0.942649
2834,hti,2004,0.952337
2834,hti,2005,0.943846
2834,hti,2006,0.953006
2834,hti,2007,0.956337
2834,hti,2008,0.952947
2834,hti,2009,0.953981
2834,hti,2010,0.948992
2834,hti,2011,0.956656
2834,hti,2012,0.954881
2834,hti,2013,0.95683
2834,hti,2014,0.962496
2834,hti,2015,0.960127
2834,hti,2016,0.96909
2834,hun,1995,0.67408
2834,hun,1996,0.662618
2834,hun,1997,0.70464
2834,hun,1998,0.713554
2834,hun,1999,0.753517
2834,hun,2000,0.735731
2834,hun,2001,0.752497
2834,hun,2002,0.771976
2834,hun,2003,0.762146
2834,hun,2004,0.784054
2834,hun,2005,0.774893
2834,hun,2006,0.770426
2834,hun,2007,0.767823
2834,hun,2008,0.776536
2834,hun,2009,0.744212
2834,hun,2010,0.757344
2834,hun,2011,0.748814
2834,hun,2012,0.723591
2834,hun,2013,0.740117
2834,hun,2014,0.748652
2834,hun,2015,0.767172
2834,hun,2016,0.777708
2834,idn,1995,0.791323
2834,idn,1996,0.809858
2834,idn,1997,0.823801
2834,idn,1998,0.812081
2834,idn,1999,0.813707
2834,idn,2000,0.782172
2834,idn,2001,0.803906
2834,idn,2002,0.792875
2834,idn,2003,0.772604
2834,idn,2004,0.773393
2834,idn,2005,0.784792
2834,idn,2006,0.797255
2834,idn,2007,0.804317
2834,idn,2008,0.801921
2834,idn,2009,0.801437
2834,idn,2010,0.806607
2834,idn,2011,0.818933
2834,idn,2012,0.817029
2834,idn,2013,0.821482
2834,idn,2014,0.806679
2834,idn,2015,0.802348
2834,idn,2016,0.818493
2834,ind,1995,0.727396
2834,ind,1996,0.724606
2834,ind,1997,0.695857
2834,ind,1998,0.713008
2834,ind,1999,0.723697
2834,ind,2000,0.700922
2834,ind,2001,0.709689
2834,ind,2002,0.672972
2834,ind,2003,0.677624
2834,ind,2004,0.691171
2834,ind,2005,0.661578
2834,ind,2006,0.680714
2834,ind,2007,0.694544
2834,ind,2008,0.679966
2834,ind,2009,0.71685
2834,ind,2010,0.688881
2834,ind,2011,0.737479
2834,ind,2012,0.731885
2834,ind,2013,0.722495
2834,ind,2014,0.709724
2834,ind,2015,0.694154
2834,ind,2016,0.708071
2834,iot,1995,0.984046
2834,iot,1996,0.976261
2834,iot,1997,0.984667
2834,iot,1998,0.977744
2834,iot,1999,0.984466
2834,iot,2000,0.98409
2834,iot,2001,0.988371
2834,iot,2002,0.977169
2834,iot,2003,0.945353
2834,iot,2004,0.943411
2834,iot,2005,0.945463
2834,iot,2006,0.947191
2834,iot,2007,0.942974
2834,iot,2008,0.956385
2834,iot,2009,0.946409
2834,iot,2010,0.952302
2834,iot,2011,0.947403
2834,iot,2012,0.970182
2834,iot,2013,0.980374
2834,iot,2014,0.98881
2834,iot,2015,0.987783
2834,iot,2016,0.975642
2834,irl,1995,0.841163
2834,irl,1996,0.855898
2834,irl,1997,0.855824
2834,irl,1998,0.862
2834,irl,1999,0.887141
2834,irl,2000,0.886645
2834,irl,2001,0.906933
2834,irl,2002,0.922255
2834,irl,2003,0.912771
2834,irl,2004,0.90624
2834,irl,2005,0.916107
2834,irl,2006,0.912
2834,irl,2007,0.898795
2834,irl,2008,0.89502
2834,irl,2009,0.913608
2834,irl,2010,0.891396
2834,irl,2011,0.871983
2834,irl,2012,0.876308
2834,irl,2013,0.87142
2834,irl,2014,0.868104
2834,irl,2015,0.874172
2834,irl,2016,0.87381
2834,irn,1995,0.963495
2834,irn,1996,0.957411
2834,irn,1997,0.952377
2834,irn,1998,0.943963
2834,irn,1999,0.938075
2834,irn,2000,0.944425
2834,irn,2001,0.940812
2834,irn,2002,0.935719
2834,irn,2003,0.941378
2834,irn,2004,0.934742
2834,irn,2005,0.943034
2834,irn,2006,0.941745
2834,irn,2007,0.950375
2834,irn,2008,0.95281
2834,irn,2009,0.952305
2834,irn,2010,0.946883
2834,irn,2011,0.960271
2834,irn,2012,0.949064
2834,irn,2013,0.938381
2834,irn,2014,0.936574
2834,irn,2015,0.914258
2834,irn,2016,0.916494
2834,irq,1995,0.991109
2834,irq,1996,0.962058
2834,irq,1997,0.998699
2834,irq,1998,0.998316
2834,irq,1999,0.999478
2834,irq,2000,0.998621
2834,irq,2001,0.997875
2834,irq,2002,0.997345
2834,irq,2003,0.989137
2834,irq,2004,0.98519
2834,irq,2005,0.994707
2834,irq,2006,0.997571
2834,irq,2007,0.997207
2834,irq,2008,0.994819
2834,irq,2009,0.995181
2834,irq,2010,0.995284
2834,irq,2011,0.995955
2834,irq,2012,0.996374
2834,irq,2013,0.996636
2834,irq,2014,0.997312
2834,irq,2015,0.995288
2834,irq,2016,0.99589
2834,isl,1995,0.943683
2834,isl,1996,0.947714
2834,isl,1997,0.938067
2834,isl,1998,0.939531
2834,isl,1999,0.940779
2834,isl,2000,0.935513
2834,isl,2001,0.9323
2834,isl,2002,0.929995
2834,isl,2003,0.932763
2834,isl,2004,0.92564
2834,isl,2005,0.939246
2834,isl,2006,0.931833
2834,isl,2007,0.925916
2834,isl,2008,0.920753
2834,isl,2009,0.927177
2834,isl,2010,0.920138
2834,isl,2011,0.919664
2834,isl,2012,0.916917
2834,isl,2013,0.914177
2834,isl,2014,0.922123
2834,isl,2015,0.917212
2834,isl,2016,0.915334
2834,isr,1995,0.760184
2834,isr,1996,0.762372
2834,isr,1997,0.780122
2834,isr,1998,0.774949
2834,isr,1999,0.768197
2834,isr,2000,0.784244
2834,isr,2001,0.801434
2834,isr,2002,0.805688
2834,isr,2003,0.797428
2834,isr,2004,0.791463
2834,isr,2005,0.805664
2834,isr,2006,0.78684
2834,isr,2007,0.767385
2834,isr,2008,0.752711
2834,isr,2009,0.773297
2834,isr,2010,0.776059
2834,isr,2011,0.775807
2834,isr,2012,0.773743
2834,isr,2013,0.791857
2834,isr,2014,0.803202
2834,isr,2015,0.804347
2834,isr,2016,0.793444
2834,ita,1995,0.620192
2834,ita,1996,0.612753
2834,ita,1997,0.600309
2834,ita,1998,0.606367
2834,ita,1999,0.580919
2834,ita,2000,0.566289
2834,ita,2001,0.577072
2834,ita,2002,0.57749
2834,ita,2003,0.603014
2834,ita,2004,0.616538
2834,ita,2005,0.571572
2834,ita,2006,0.576672
2834,ita,2007,0.592946
2834,ita,2008,0.575342
2834,ita,2009,0.541535
2834,ita,2010,0.527352
2834,ita,2011,0.521344
2834,ita,2012,0.522594
2834,ita,2013,0.520719
2834,ita,2014,0.519188
2834,ita,2015,0.549585
2834,ita,2016,0.579591
2834,jam,1995,0.938157
2834,jam,1996,0.931068
2834,jam,1997,0.926668
2834,jam,1998,0.928812
2834,jam,1999,0.943932
2834,jam,2000,0.927021
2834,jam,2001,0.937603
2834,jam,2002,0.940966
2834,jam,2003,0.935052
2834,jam,2004,0.935531
2834,jam,2005,0.947875
2834,jam,2006,0.94351
2834,jam,2007,0.949221
2834,jam,2008,0.943342
2834,jam,2009,0.905007
2834,jam,2010,0.890733
2834,jam,2011,0.89965
2834,jam,2012,0.903474
2834,jam,2013,0.921143
2834,jam,2014,0.909069
2834,jam,2015,0.907043
2834,jam,2016,0.894037
2834,jor,1995,0.870306
2834,jor,1996,0.898481
2834,jor,1997,0.883134
2834,jor,1998,0.862742
2834,jor,1999,0.834586
2834,jor,2000,0.756543
2834,jor,2001,0.775614
2834,jor,2002,0.817754
2834,jor,2003,0.80759
2834,jor,2004,0.771536
2834,jor,2005,0.781055
2834,jor,2006,0.79555
2834,jor,2007,0.757727
2834,jor,2008,0.768408
2834,jor,2009,0.767096
2834,jor,2010,0.745123
2834,jor,2011,0.763962
2834,jor,2012,0.769519
2834,jor,2013,0.763992
2834,jor,2014,0.778322
2834,jor,2015,0.784567
2834,jor,2016,0.833805
2834,jpn,1995,0.788478
2834,jpn,1996,0.798453
2834,jpn,1997,0.780315
2834,jpn,1998,0.800898
2834,jpn,1999,0.7475
2834,jpn,2000,0.775538
2834,jpn,2001,0.756059
2834,jpn,2002,0.760111
2834,jpn,2003,0.773726
2834,jpn,2004,0.782826
2834,jpn,2005,0.77595
2834,jpn,2006,0.752203
2834,jpn,2007,0.764301
2834,jpn,2008,0.777736
2834,jpn,2009,0.757943
2834,jpn,2010,0.775432
2834,jpn,2011,0.747788
2834,jpn,2012,0.735403
2834,jpn,2013,0.722734
2834,jpn,2014,0.741856
2834,jpn,2015,0.748421
2834,jpn,2016,0.730445
2834,kaz,1995,0.891924
2834,kaz,1996,0.823701
2834,kaz,1997,0.86962
2834,kaz,1998,0.89319
2834,kaz,1999,0.924879
2834,kaz,2000,0.93739
2834,kaz,2001,0.912397
2834,kaz,2002,0.931662
2834,kaz,2003,0.921341
2834,kaz,2004,0.90723
2834,kaz,2005,0.925892
2834,kaz,2006,0.934386
2834,kaz,2007,0.928885
2834,kaz,2008,0.936309
2834,kaz,2009,0.933532
2834,kaz,2010,0.949902
2834,kaz,2011,0.957186
2834,kaz,2012,0.927052
2834,kaz,2013,0.94924
2834,kaz,2014,0.940166
2834,kaz,2015,0.92526
2834,kaz,2016,0.910345
2834,ken,1995,0.867748
2834,ken,1996,0.867344
2834,ken,1997,0.842065
2834,ken,1998,0.848515
2834,ken,1999,0.852061
2834,ken,2000,0.874284
2834,ken,2001,0.859702
2834,ken,2002,0.855928
2834,ken,2003,0.831707
2834,ken,2004,0.775499
2834,ken,2005,0.806225
2834,ken,2006,0.811755
2834,ken,2007,0.787072
2834,ken,2008,0.782494
2834,ken,2009,0.735344
2834,ken,2010,0.704349
2834,ken,2011,0.777815
2834,ken,2012,0.813629
2834,ken,2013,0.813769
2834,ken,2014,0.825951
2834,ken,2015,0.828255
2834,ken,2016,0.855674
2834,kgz,1995,0.870483
2834,kgz,1996,0.831861
2834,kgz,1997,0.876728
2834,kgz,1998,0.907855
2834,kgz,1999,0.916336
2834,kgz,2000,0.880985
2834,kgz,2001,0.894293
2834,kgz,2002,0.875794
2834,kgz,2003,0.883969
2834,kgz,2004,0.873871
2834,kgz,2005,0.874828
2834,kgz,2006,0.8696
2834,kgz,2007,0.875666
2834,kgz,2008,0.883784
2834,kgz,2009,0.862038
2834,kgz,2010,0.870569
2834,kgz,2011,0.87734
2834,kgz,2012,0.861202
2834,kgz,2013,0.874598
2834,kgz,2014,0.901351
2834,kgz,2015,0.875726
2834,kgz,2016,0.876716
2834,khm,1995,0.963088
2834,khm,1996,0.957712
2834,khm,1997,0.956889
2834,khm,1998,0.96138
2834,khm,1999,0.962069
2834,khm,2000,0.950042
2834,khm,2001,0.955245
2834,khm,2002,0.959262
2834,khm,2003,0.950946
2834,khm,2004,0.952277
2834,khm,2005,0.944112
2834,khm,2006,0.96091
2834,khm,2007,0.952392
2834,khm,2008,0.9535
2834,khm,2009,0.948436
2834,khm,2010,0.935781
2834,khm,2011,0.949618
2834,khm,2012,0.944413
2834,khm,2013,0.936971
2834,khm,2014,0.935257
2834,khm,2015,0.935419
2834,khm,2016,0.948825
2834,kir,1995,0.978245
2834,kir,1996,0.976703
2834,kir,1997,0.988633
2834,kir,1998,0.985375
2834,kir,1999,0.980801
2834,kir,2000,0.987648
2834,kir,2001,0.98549
2834,kir,2002,0.982897
2834,kir,2003,0.985204
2834,kir,2004,0.9676
2834,kir,2005,0.964036
2834,kir,2006,0.966713
2834,kir,2007,0.974535
2834,kir,2008,0.97046
2834,kir,2009,0.971763
2834,kir,2010,0.973343
2834,kir,2011,0.98298
2834,kir,2012,0.986264
2834,kir,2013,0.989287
2834,kir,2014,0.985708
2834,kir,2015,0.984749
2834,kir,2016,0.990457
2834,kna,1995,0.975592
2834,kna,1996,0.97751
2834,kna,1997,0.969075
2834,kna,1998,0.969661
2834,kna,1999,0.969341
2834,kna,2000,0.973739
2834,kna,2001,0.963792
2834,kna,2002,0.96313
2834,kna,2003,0.964458
2834,kna,2004,0.962647
2834,kna,2005,0.975411
2834,kna,2006,0.968653
2834,kna,2007,0.968386
2834,kna,2008,0.960296
2834,kna,2009,0.961505
2834,kna,2010,0.974656
2834,kna,2011,0.970541
2834,kna,2012,0.958066
2834,kna,2013,0.966263
2834,kna,2014,0.963246
2834,kna,2015,0.97432
2834,kna,2016,0.970612
2834,kor,1995,0.773124
2834,kor,1996,0.810743
2834,kor,1997,0.793022
2834,kor,1998,0.795
2834,kor,1999,0.806888
2834,kor,2000,0.800137
2834,kor,2001,0.793737
2834,kor,2002,0.789521
2834,kor,2003,0.799494
2834,kor,2004,0.825186
2834,kor,2005,0.810949
2834,kor,2006,0.819633
2834,kor,2007,0.824809
2834,kor,2008,0.823054
2834,kor,2009,0.810205
2834,kor,2010,0.827605
2834,kor,2011,0.815956
2834,kor,2012,0.809151
2834,kor,2013,0.798484
2834,kor,2014,0.812549
2834,kor,2015,0.811526
2834,kor,2016,0.796378
2834,kwt,1995,0.986724
2834,kwt,1996,0.986917
2834,kwt,1997,0.989392
2834,kwt,1998,0.976969
2834,kwt,1999,0.982187
2834,kwt,2000,0.98901
2834,kwt,2001,0.987276
2834,kwt,2002,0.986943
2834,kwt,2003,0.9842
2834,kwt,2004,0.984546
2834,kwt,2005,0.983041
2834,kwt,2006,0.987453
2834,kwt,2007,0.984223
2834,kwt,2008,0.986943
2834,kwt,2009,0.98847
2834,kwt,2010,0.986542
2834,kwt,2011,0.990043
2834,kwt,2012,0.988432
2834,kwt,2013,0.98406
2834,kwt,2014,0.982642
2834,kwt,2015,0.979529
2834,kwt,2016,0.978192
2834,lao,1995,0.957707
2834,lao,1996,0.957116
2834,lao,1997,0.922631
2834,lao,1998,0.950591
2834,lao,1999,0.95612
2834,lao,2000,0.958963
2834,lao,2001,0.95971
2834,lao,2002,0.950716
2834,lao,2003,0.94066
2834,lao,2004,0.935699
2834,lao,2005,0.930421
2834,lao,2006,0.947193
2834,lao,2007,0.942308
2834,lao,2008,0.932759
2834,lao,2009,0.924869
2834,lao,2010,0.911625
2834,lao,2011,0.93145
2834,lao,2012,0.935139
2834,lao,2013,0.930764
2834,lao,2014,0.927802
2834,lao,2015,0.905822
2834,lao,2016,0.93524
2834,lbn,1995,0.853596
2834,lbn,1996,0.873362
2834,lbn,1997,0.812994
2834,lbn,1998,0.796099
2834,lbn,1999,0.832322
2834,lbn,2000,0.788155
2834,lbn,2001,0.808549
2834,lbn,2002,0.782698
2834,lbn,2003,0.810582
2834,lbn,2004,0.777753
2834,lbn,2005,0.703368
2834,lbn,2006,0.754874
2834,lbn,2007,0.718685
2834,lbn,2008,0.686477
2834,lbn,2009,0.697567
2834,lbn,2010,0.765031
2834,lbn,2011,0.78599
2834,lbn,2012,0.778723
2834,lbn,2013,0.772315
2834,lbn,2014,0.747799
2834,lbn,2015,0.783218
2834,lbn,2016,0.802937
2834,lbr,1995,0.991963
2834,lbr,1996,0.991418
2834,lbr,1997,0.983752
2834,lbr,1998,0.987727
2834,lbr,1999,0.983734
2834,lbr,2000,0.989297
2834,lbr,2001,0.987372
2834,lbr,2002,0.986226
2834,lbr,2003,0.988959
2834,lbr,2004,0.983748
2834,lbr,2005,0.985752
2834,lbr,2006,0.990651
2834,lbr,2007,0.98872
2834,lbr,2008,0.975696
2834,lbr,2009,0.983057
2834,lbr,2010,0.980715
2834,lbr,2011,0.976696
2834,lbr,2012,0.974624
2834,lbr,2013,0.974489
2834,lbr,2014,0.982321
2834,lbr,2015,0.980953
2834,lbr,2016,0.97484
2834,lby,1995,0.979552
2834,lby,1996,0.982828
2834,lby,1997,0.979937
2834,lby,1998,0.982843
2834,lby,1999,0.983274
2834,lby,2000,0.984956
2834,lby,2001,0.988534
2834,lby,2002,0.99163
2834,lby,2003,0.984525
2834,lby,2004,0.986591
2834,lby,2005,0.984005
2834,lby,2006,0.988653
2834,lby,2007,0.985649
2834,lby,2008,0.986567
2834,lby,2009,0.988618
2834,lby,2010,0.991497
2834,lby,2011,0.992956
2834,lby,2012,0.996947
2834,lby,2013,0.99291
2834,lby,2014,0.988984
2834,lby,2015,0.983168
2834,lby,2016,0.980108
2834,lca,1995,0.948965
2834,lca,1996,0.95901
2834,lca,1997,0.953196
2834,lca,1998,0.963175
2834,lca,1999,0.962037
2834,lca,2000,0.949031
2834,lca,2001,0.95363
2834,lca,2002,0.951698
2834,lca,2003,0.937552
2834,lca,2004,0.945443
2834,lca,2005,0.969729
2834,lca,2006,0.963303
2834,lca,2007,0.948921
2834,lca,2008,0.953178
2834,lca,2009,0.961553
2834,lca,2010,0.953743
2834,lca,2011,0.966952
2834,lca,2012,0.953943
2834,lca,2013,0.966046
2834,lca,2014,0.974532
2834,lca,2015,0.951448
2834,lca,2016,0.972435
2834,lka,1995,0.87895
2834,lka,1996,0.88379
2834,lka,1997,0.887334
2834,lka,1998,0.886941
2834,lka,1999,0.897954
2834,lka,2000,0.887334
2834,lka,2001,0.892494
2834,lka,2002,0.874715
2834,lka,2003,0.861791
2834,lka,2004,0.863968
2834,lka,2005,0.847897
2834,lka,2006,0.859405
2834,lka,2007,0.86236
2834,lka,2008,0.856146
2834,lka,2009,0.851721
2834,lka,2010,0.838069
2834,lka,2011,0.850567
2834,lka,2012,0.849058
2834,lka,2013,0.863044
2834,lka,2014,0.856835
2834,lka,2015,0.853796
2834,lka,2016,0.866877
2834,ltu,1995,0.764256
2834,ltu,1996,0.749233
2834,ltu,1997,0.720246
2834,ltu,1998,0.770148
2834,ltu,1999,0.809258
2834,ltu,2000,0.780173
2834,ltu,2001,0.813236
2834,ltu,2002,0.821335
2834,ltu,2003,0.819717
2834,ltu,2004,0.786257
2834,ltu,2005,0.767669
2834,ltu,2006,0.750645
2834,ltu,2007,0.726406
2834,ltu,2008,0.752165
2834,ltu,2009,0.698758
2834,ltu,2010,0.687603
2834,ltu,2011,0.716733
2834,ltu,2012,0.638769
2834,ltu,2013,0.678205
2834,ltu,2014,0.602867
2834,ltu,2015,0.675206
2834,ltu,2016,0.685307
2834,lva,1995,0.839032
2834,lva,1996,0.827011
2834,lva,1997,0.803897
2834,lva,1998,0.794076
2834,lva,1999,0.833615
2834,lva,2000,0.823592
2834,lva,2001,0.825267
2834,lva,2002,0.830187
2834,lva,2003,0.808565
2834,lva,2004,0.799858
2834,lva,2005,0.788741
2834,lva,2006,0.793541
2834,lva,2007,0.772912
2834,lva,2008,0.751751
2834,lva,2009,0.743001
2834,lva,2010,0.727414
2834,lva,2011,0.736993
2834,lva,2012,0.728041
2834,lva,2013,0.73976
2834,lva,2014,0.726108
2834,lva,2015,0.719995
2834,lva,2016,0.738066
2834,mac,1995,0.8972
2834,mac,1996,0.931545
2834,mac,1997,0.920237
2834,mac,1998,0.921404
2834,mac,1999,0.94392
2834,mac,2000,0.940362
2834,mac,2001,0.952188
2834,mac,2002,0.940264
2834,mac,2003,0.936843
2834,mac,2004,0.948467
2834,mac,2005,0.928691
2834,mac,2006,0.931817
2834,mac,2007,0.93099
2834,mac,2008,0.902216
2834,mac,2009,0.892531
2834,mac,2010,0.866325
2834,mac,2011,0.876415
2834,mac,2012,0.887165
2834,mac,2013,0.904355
2834,mac,2014,0.884274
2834,mac,2015,0.896273
2834,mac,2016,0.916465
2834,mar,1995,0.864375
2834,mar,1996,0.872018
2834,mar,1997,0.86839
2834,mar,1998,0.865327
2834,mar,1999,0.88646
2834,mar,2000,0.871363
2834,mar,2001,0.892759
2834,mar,2002,0.871153
2834,mar,2003,0.861429
2834,mar,2004,0.865331
2834,mar,2005,0.839967
2834,mar,2006,0.85098
2834,mar,2007,0.832981
2834,mar,2008,0.847227
2834,mar,2009,0.828229
2834,mar,2010,0.824116
2834,mar,2011,0.839798
2834,mar,2012,0.845805
2834,mar,2013,0.856517
2834,mar,2014,0.845145
2834,mar,2015,0.847514
2834,mar,2016,0.867759
2834,mda,1995,0.853365
2834,mda,1996,0.849966
2834,mda,1997,0.878667
2834,mda,1998,0.869707
2834,mda,1999,0.879192
2834,mda,2000,0.863001
2834,mda,2001,0.883141
2834,mda,2002,0.883467
2834,mda,2003,0.885744
2834,mda,2004,0.88109
2834,mda,2005,0.859953
2834,mda,2006,0.869167
2834,mda,2007,0.858915
2834,mda,2008,0.856723
2834,mda,2009,0.837331
2834,mda,2010,0.844998
2834,mda,2011,0.837879
2834,mda,2012,0.82328
2834,mda,2013,0.838982
2834,mda,2014,0.848493
2834,mda,2015,0.856795
2834,mda,2016,0.878651
2834,mdg,1995,0.909407
2834,mdg,1996,0.913202
2834,mdg,1997,0.905295
2834,mdg,1998,0.920897
2834,mdg,1999,0.918041
2834,mdg,2000,0.904865
2834,mdg,2001,0.928914
2834,mdg,2002,0.901117
2834,mdg,2003,0.91113
2834,mdg,2004,0.907155
2834,mdg,2005,0.887686
2834,mdg,2006,0.91081
2834,mdg,2007,0.909152
2834,mdg,2008,0.89111
2834,mdg,2009,0.885243
2834,mdg,2010,0.863864
2834,mdg,2011,0.8971
2834,mdg,2012,0.906605
2834,mdg,2013,0.909389
2834,mdg,2014,0.908828
2834,mdg,2015,0.908089
2834,mdg,2016,0.92799
2834,mdv,1995,0.975215
2834,mdv,1996,0.968234
2834,mdv,1997,0.970705
2834,mdv,1998,0.977109
2834,mdv,1999,0.96909
2834,mdv,2000,0.969972
2834,mdv,2001,0.973767
2834,mdv,2002,0.97094
2834,mdv,2003,0.969876
2834,mdv,2004,0.970873
2834,mdv,2005,0.963035
2834,mdv,2006,0.977896
2834,mdv,2007,0.972463
2834,mdv,2008,0.966081
2834,mdv,2009,0.977428
2834,mdv,2010,0.973977
2834,mdv,2011,0.977572
2834,mdv,2012,0.977621
2834,mdv,2013,0.983058
2834,mdv,2014,0.980738
2834,mdv,2015,0.976362
2834,mdv,2016,0.981305
2834,mex,1995,0.787125
2834,mex,1996,0.796597
2834,mex,1997,0.793419
2834,mex,1998,0.794975
2834,mex,1999,0.81785
2834,mex,2000,0.8137
2834,mex,2001,0.829409
2834,mex,2002,0.815696
2834,mex,2003,0.814992
2834,mex,2004,0.80868
2834,mex,2005,0.802802
2834,mex,2006,0.819078
2834,mex,2007,0.82673
2834,mex,2008,0.810899
2834,mex,2009,0.791447
2834,mex,2010,0.802751
2834,mex,2011,0.806659
2834,mex,2012,0.804847
2834,mex,2013,0.804032
2834,mex,2014,0.811181
2834,mex,2015,0.814046
2834,mex,2016,0.826463
2834,mhl,1995,0.9891
2834,mhl,1996,0.985238
2834,mhl,1997,0.984111
2834,mhl,1998,0.986819
2834,mhl,1999,0.985243
2834,mhl,2000,0.977842
2834,mhl,2001,0.986674
2834,mhl,2002,0.990701
2834,mhl,2003,0.990169
2834,mhl,2004,0.99051
2834,mhl,2005,0.992613
2834,mhl,2006,0.987359
2834,mhl,2007,0.985707
2834,mhl,2008,0.992626
2834,mhl,2009,0.9855
2834,mhl,2010,0.979662
2834,mhl,2011,0.983626
2834,mhl,2012,0.985322
2834,mhl,2013,0.986037
2834,mhl,2014,0.981362
2834,mhl,2015,0.981337
2834,mhl,2016,0.977941
2834,mkd,1995,0.795511
2834,mkd,1996,0.777259
2834,mkd,1997,0.790996
2834,mkd,1998,0.80409
2834,mkd,1999,0.834321
2834,mkd,2000,0.813508
2834,mkd,2001,0.828947
2834,mkd,2002,0.825327
2834,mkd,2003,0.818344
2834,mkd,2004,0.824874
2834,mkd,2005,0.809489
2834,mkd,2006,0.83248
2834,mkd,2007,0.834506
2834,mkd,2008,0.844405
2834,mkd,2009,0.798189
2834,mkd,2010,0.806298
2834,mkd,2011,0.830958
2834,mkd,2012,0.830869
2834,mkd,2013,0.839551
2834,mkd,2014,0.84828
2834,mkd,2015,0.851606
2834,mkd,2016,0.867388
2834,mli,1995,0.960095
2834,mli,1996,0.954801
2834,mli,1997,0.967834
2834,mli,1998,0.966092
2834,mli,1999,0.97152
2834,mli,2000,0.930924
2834,mli,2001,0.963661
2834,mli,2002,0.969398
2834,mli,2003,0.968316
2834,mli,2004,0.955337
2834,mli,2005,0.94805
2834,mli,2006,0.936994
2834,mli,2007,0.922781
2834,mli,2008,0.909199
2834,mli,2009,0.890537
2834,mli,2010,0.89625
2834,mli,2011,0.921442
2834,mli,2012,0.933841
2834,mli,2013,0.963503
2834,mli,2014,0.956806
2834,mli,2015,0.939976
2834,mli,2016,0.941116
2834,mlt,1995,0.930135
2834,mlt,1996,0.916285
2834,mlt,1997,0.924828
2834,mlt,1998,0.945075
2834,mlt,1999,0.940868
2834,mlt,2000,0.944312
2834,mlt,2001,0.941621
2834,mlt,2002,0.940147
2834,mlt,2003,0.948645
2834,mlt,2004,0.944119
2834,mlt,2005,0.943788
2834,mlt,2006,0.945239
2834,mlt,2007,0.942107
2834,mlt,2008,0.946896
2834,mlt,2009,0.942299
2834,mlt,2010,0.93981
2834,mlt,2011,0.941804
2834,mlt,2012,0.935005
2834,mlt,2013,0.929545
2834,mlt,2014,0.923499
2834,mlt,2015,0.927204
2834,mlt,2016,0.931472
2834,mmr,1995,0.938189
2834,mmr,1996,0.934329
2834,mmr,1997,0.925794
2834,mmr,1998,0.922167
2834,mmr,1999,0.932395
2834,mmr,2000,0.928104
2834,mmr,2001,0.937877
2834,mmr,2002,0.93938
2834,mmr,2003,0.926096
2834,mmr,2004,0.916984
2834,mmr,2005,0.933518
2834,mmr,2006,0.946297
2834,mmr,2007,0.944122
2834,mmr,2008,0.93291
2834,mmr,2009,0.930126
2834,mmr,2010,0.918375
2834,mmr,2011,0.92531
2834,mmr,2012,0.91109
2834,mmr,2013,0.944364
2834,mmr,2014,0.945627
2834,mmr,2015,0.913551
2834,mmr,2016,0.916995
2834,mng,1995,0.953836
2834,mng,1996,0.960525
2834,mng,1997,0.937302
2834,mng,1998,0.928162
2834,mng,1999,0.935221
2834,mng,2000,0.932719
2834,mng,2001,0.944269
2834,mng,2002,0.942211
2834,mng,2003,0.934144
2834,mng,2004,0.936304
2834,mng,2005,0.927707
2834,mng,2006,0.945998
2834,mng,2007,0.953327
2834,mng,2008,0.954397
2834,mng,2009,0.950217
2834,mng,2010,0.956838
2834,mng,2011,0.967494
2834,mng,2012,0.972919
2834,mng,2013,0.97144
2834,mng,2014,0.973118
2834,mng,2015,0.957599
2834,mng,2016,0.952081
2834,mnp,1995,0.972331
2834,mnp,1996,0.977525
2834,mnp,1997,0.980098
2834,mnp,1998,0.979052
2834,mnp,1999,0.974249
2834,mnp,2000,0.961818
2834,mnp,2001,0.969307
2834,mnp,2002,0.966438
2834,mnp,2003,0.93769
2834,mnp,2004,0.941618
2834,mnp,2005,0.933339
2834,mnp,2006,0.934164
2834,mnp,2007,0.935984
2834,mnp,2008,0.917188
2834,mnp,2009,0.868441
2834,mnp,2010,0.889361
2834,mnp,2011,0.887731
2834,mnp,2012,0.9002
2834,mnp,2013,0.897282
2834,mnp,2014,0.94797
2834,mnp,2015,0.959186
2834,mnp,2016,0.970747
2834,moz,1995,0.947219
2834,moz,1996,0.956867
2834,moz,1997,0.941848
2834,moz,1998,0.945284
2834,moz,1999,0.935265
2834,moz,2000,0.917954
2834,moz,2001,0.961595
2834,moz,2002,0.962485
2834,moz,2003,0.962552
2834,moz,2004,0.955808
2834,moz,2005,0.962536
2834,moz,2006,0.959134
2834,moz,2007,0.956697
2834,moz,2008,0.924028
2834,moz,2009,0.914946
2834,moz,2010,0.926835
2834,moz,2011,0.938009
2834,moz,2012,0.940517
2834,moz,2013,0.943612
2834,moz,2014,0.934732
2834,moz,2015,0.902771
2834,moz,2016,0.942406
2834,mrt,1995,0.991187
2834,mrt,1996,0.982712
2834,mrt,1997,0.989519
2834,mrt,1998,0.984851
2834,mrt,1999,0.987275
2834,mrt,2000,0.983186
2834,mrt,2001,0.981655
2834,mrt,2002,0.978607
2834,mrt,2003,0.980675
2834,mrt,2004,0.980568
2834,mrt,2005,0.985403
2834,mrt,2006,0.988156
2834,mrt,2007,0.982506
2834,mrt,2008,0.981726
2834,mrt,2009,0.985745
2834,mrt,2010,0.977053
2834,mrt,2011,0.979197
2834,mrt,2012,0.976218
2834,mrt,2013,0.984541
2834,mrt,2014,0.977309
2834,mrt,2015,0.973012
2834,mrt,2016,0.975237
2834,msr,1995,0.973129
2834,msr,1996,0.987641
2834,msr,1997,0.968677
2834,msr,1998,0.957008
2834,msr,1999,0.93974
2834,msr,2000,0.95471
2834,msr,2001,0.967848
2834,msr,2002,0.956091
2834,msr,2003,0.943147
2834,msr,2004,0.924899
2834,msr,2005,0.952045
2834,msr,2006,0.939417
2834,msr,2007,0.949052
2834,msr,2008,0.959825
2834,msr,2009,0.961877
2834,msr,2010,0.969718
2834,msr,2011,0.956573
2834,msr,2012,0.954556
2834,msr,2013,0.958808
2834,msr,2014,0.950027
2834,msr,2015,0.964538
2834,msr,2016,0.967303
2834,mtq,1995,0.951396
2834,mus,1995,0.91022
2834,mus,1996,0.935666
2834,mus,1997,0.912901
2834,mus,1998,0.901012
2834,mus,1999,0.907578
2834,mus,2000,0.925319
2834,mus,2001,0.928421
2834,mus,2002,0.898
2834,mus,2003,0.860195
2834,mus,2004,0.86677
2834,mus,2005,0.867808
2834,mus,2006,0.891537
2834,mus,2007,0.884553
2834,mus,2008,0.823403
2834,mus,2009,0.853252
2834,mus,2010,0.81609
2834,mus,2011,0.86056
2834,mus,2012,0.849744
2834,mus,2013,0.831274
2834,mus,2014,0.853244
2834,mus,2015,0.883057
2834,mus,2016,0.895639
2834,mwi,1995,0.94116
2834,mwi,1996,0.954
2834,mwi,1997,0.9549
2834,mwi,1998,0.963455
2834,mwi,1999,0.965495
2834,mwi,2000,0.946871
2834,mwi,2001,0.956497
2834,mwi,2002,0.963638
2834,mwi,2003,0.964079
2834,mwi,2004,0.960044
2834,mwi,2005,0.962798
2834,mwi,2006,0.961231
2834,mwi,2007,0.955631
2834,mwi,2008,0.944115
2834,mwi,2009,0.947354
2834,mwi,2010,0.933536
2834,mwi,2011,0.939857
2834,mwi,2012,0.948849
2834,mwi,2013,0.946316
2834,mwi,2014,0.927636
2834,mwi,2015,0.937161
2834,mwi,2016,0.970769
2834,mys,1995,0.86726
2834,mys,1996,0.878293
2834,mys,1997,0.877967
2834,mys,1998,0.88452
2834,mys,1999,0.898664
2834,mys,2000,0.891595
2834,mys,2001,0.887586
2834,mys,2002,0.882457
2834,mys,2003,0.880561
2834,mys,2004,0.881261
2834,mys,2005,0.885875
2834,mys,2006,0.872282
2834,mys,2007,0.87728
2834,mys,2008,0.865985
2834,mys,2009,0.839501
2834,mys,2010,0.871027
2834,mys,2011,0.867311
2834,mys,2012,0.855649
2834,mys,2013,0.848368
2834,mys,2014,0.846863
2834,mys,2015,0.8358
2834,mys,2016,0.841762
2834,ncl,1995,0.985949
2834,ncl,1996,0.989516
2834,ncl,1997,0.984017
2834,ncl,1998,0.988557
2834,ncl,1999,0.984862
2834,ncl,2000,0.988488
2834,ncl,2001,0.984722
2834,ncl,2002,0.982405
2834,ncl,2003,0.982005
2834,ncl,2004,0.97961
2834,ncl,2005,0.982794
2834,ncl,2006,0.987783
2834,ncl,2007,0.98764
2834,ncl,2008,0.981848
2834,ncl,2009,0.973685
2834,ncl,2010,0.977441
2834,ncl,2011,0.98688
2834,ncl,2012,0.979079
2834,ncl,2013,0.980109
2834,ncl,2014,0.97775
2834,ncl,2015,0.976318
2834,ncl,2016,0.982008
2834,ner,1995,0.970584
2834,ner,1996,0.959508
2834,ner,1997,0.97309
2834,ner,1998,0.981912
2834,ner,1999,0.979318
2834,ner,2000,0.948497
2834,ner,2001,0.943282
2834,ner,2002,0.909032
2834,ner,2003,0.933388
2834,ner,2004,0.96618
2834,ner,2005,0.962751
2834,ner,2006,0.967607
2834,ner,2007,0.957577
2834,ner,2008,0.923891
2834,ner,2009,0.966782
2834,ner,2010,0.963772
2834,ner,2011,0.979507
2834,ner,2012,0.978898
2834,ner,2013,0.988523
2834,ner,2014,0.962232
2834,ner,2015,0.978022
2834,ner,2016,0.977117
2834,nfk,1995,0.997771
2834,nfk,1996,0.987208
2834,nfk,1997,0.976854
2834,nfk,1998,0.978155
2834,nfk,1999,0.979577
2834,nfk,2000,0.97845
2834,nfk,2001,0.977506
2834,nfk,2002,0.973541
2834,nfk,2003,0.972092
2834,nfk,2004,0.977264
2834,nfk,2005,0.971725
2834,nfk,2006,0.973613
2834,nfk,2007,0.959727
2834,nfk,2008,0.951348
2834,nfk,2009,0.956625
2834,nfk,2010,0.967895
2834,nfk,2011,0.964297
2834,nfk,2012,0.9591
2834,nfk,2013,0.962998
2834,nfk,2014,0.970899
2834,nfk,2015,0.967967
2834,nfk,2016,0.964446
2834,nga,1995,0.98451
2834,nga,1996,0.976608
2834,nga,1997,0.977241
2834,nga,1998,0.974675
2834,nga,1999,0.98265
2834,nga,2000,0.987087
2834,nga,2001,0.986429
2834,nga,2002,0.982796
2834,nga,2003,0.985956
2834,nga,2004,0.984746
2834,nga,2005,0.988518
2834,nga,2006,0.98839
2834,nga,2007,0.979739
2834,nga,2008,0.970049
2834,nga,2009,0.959664
2834,nga,2010,0.96201
2834,nga,2011,0.975008
2834,nga,2012,0.966564
2834,nga,2013,0.963747
2834,nga,2014,0.966881
2834,nga,2015,0.970579
2834,nga,2016,0.963458
2834,nic,1995,0.919022
2834,nic,1996,0.9209
2834,nic,1997,0.926083
2834,nic,1998,0.919361
2834,nic,1999,0.928282
2834,nic,2000,0.910218
2834,nic,2001,0.919191
2834,nic,2002,0.909333
2834,nic,2003,0.921437
2834,nic,2004,0.910015
2834,nic,2005,0.923975
2834,nic,2006,0.929791
2834,nic,2007,0.909217
2834,nic,2008,0.89745
2834,nic,2009,0.89165
2834,nic,2010,0.873507
2834,nic,2011,0.910411
2834,nic,2012,0.892086
2834,nic,2013,0.903141
2834,nic,2014,0.903173
2834,nic,2015,0.909045
2834,nic,2016,0.926738
2834,niu,1995,0.972338
2834,niu,1996,0.977867
2834,niu,1997,0.97498
2834,niu,1998,0.979512
2834,niu,1999,0.973964
2834,niu,2000,0.95458
2834,niu,2001,0.94735
2834,niu,2002,0.973886
2834,niu,2003,0.978258
2834,niu,2004,0.967038
2834,niu,2005,0.966198
2834,niu,2006,0.959372
2834,niu,2007,0.95871
2834,niu,2008,0.944588
2834,niu,2009,0.943116
2834,niu,2010,0.97808
2834,niu,2011,0.946962
2834,niu,2012,0.931106
2834,niu,2013,0.944672
2834,niu,2014,0.931944
2834,niu,2015,0.941399
2834,niu,2016,0.954189
2834,nld,1995,0.658161
2834,nld,1996,0.651879
2834,nld,1997,0.644079
2834,nld,1998,0.631703
2834,nld,1999,0.619305
2834,nld,2000,0.62615
2834,nld,2001,0.656852
2834,nld,2002,0.65074
2834,nld,2003,0.651943
2834,nld,2004,0.631409
2834,nld,2005,0.657129
2834,nld,2006,0.637078
2834,nld,2007,0.623424
2834,nld,2008,0.637951
2834,nld,2009,0.63694
2834,nld,2010,0.640093
2834,nld,2011,0.586701
2834,nld,2012,0.598662
2834,nld,2013,0.610769
2834,nld,2014,0.605844
2834,nld,2015,0.582186
2834,nld,2016,0.497965
2834,nor,1995,0.836825
2834,nor,1996,0.8247
2834,nor,1997,0.834925
2834,nor,1998,0.807058
2834,nor,1999,0.835567
2834,nor,2000,0.836777
2834,nor,2001,0.855467
2834,nor,2002,0.853699
2834,nor,2003,0.836765
2834,nor,2004,0.837165
2834,nor,2005,0.87351
2834,nor,2006,0.867762
2834,nor,2007,0.852042
2834,nor,2008,0.882415
2834,nor,2009,0.860077
2834,nor,2010,0.864629
2834,nor,2011,0.869149
2834,nor,2012,0.869734
2834,nor,2013,0.864744
2834,nor,2014,0.855228
2834,nor,2015,0.833153
2834,nor,2016,0.815351
2834,npl,1995,0.927611
2834,npl,1996,0.930394
2834,npl,1997,0.905486
2834,npl,1998,0.901988
2834,npl,1999,0.87673
2834,npl,2000,0.893449
2834,npl,2001,0.945686
2834,npl,2002,0.925524
2834,npl,2003,0.818031
2834,npl,2004,0.914409
2834,npl,2005,0.878183
2834,npl,2006,0.850206
2834,npl,2007,0.866312
2834,npl,2008,0.8324
2834,npl,2009,0.822789
2834,npl,2010,0.82288
2834,npl,2011,0.84648
2834,npl,2012,0.847453
2834,npl,2013,0.859651
2834,npl,2014,0.85779
2834,npl,2015,0.870121
2834,npl,2016,0.8951
2834,nru,1995,0.980563
2834,nru,1996,0.976301
2834,nru,1997,0.974148
2834,nru,1998,0.96738
2834,nru,1999,0.969011
2834,nru,2000,0.960151
2834,nru,2001,0.937259
2834,nru,2002,0.959612
2834,nru,2003,0.945827
2834,nru,2004,0.961465
2834,nru,2005,0.935874
2834,nru,2006,0.93899
2834,nru,2007,0.942863
2834,nru,2008,0.985395
2834,nru,2009,0.969581
2834,nru,2010,0.971404
2834,nru,2011,0.978489
2834,nru,2012,0.980881
2834,nru,2013,0.98337
2834,nru,2014,0.972669
2834,nru,2015,0.965726
2834,nru,2016,0.962958
2834,nzl,1995,0.808467
2834,nzl,1996,0.793281
2834,nzl,1997,0.793826
2834,nzl,1998,0.778189
2834,nzl,1999,0.801676
2834,nzl,2000,0.783815
2834,nzl,2001,0.805528
2834,nzl,2002,0.791468
2834,nzl,2003,0.787841
2834,nzl,2004,0.76715
2834,nzl,2005,0.791541
2834,nzl,2006,0.786308
2834,nzl,2007,0.769748
2834,nzl,2008,0.7914
2834,nzl,2009,0.770498
2834,nzl,2010,0.789589
2834,nzl,2011,0.79604
2834,nzl,2012,0.790763
2834,nzl,2013,0.815697
2834,nzl,2014,0.819631
2834,nzl,2015,0.80413
2834,nzl,2016,0.811818
2834,omn,1995,0.963478
2834,omn,1996,0.980878
2834,omn,1997,0.953577
2834,omn,1998,0.939069
2834,omn,1999,0.950988
2834,omn,2000,0.95217
2834,omn,2001,0.979555
2834,omn,2002,0.968287
2834,omn,2003,0.968856
2834,omn,2004,0.939369
2834,omn,2005,0.948667
2834,omn,2006,0.957556
2834,omn,2007,0.94297
2834,omn,2008,0.955125
2834,omn,2009,0.92921
2834,omn,2010,0.935298
2834,omn,2011,0.943621
2834,omn,2012,0.952284
2834,omn,2013,0.948911
2834,omn,2014,0.949513
2834,omn,2015,0.920852
2834,omn,2016,0.910175
2834,pak,1995,0.894778
2834,pak,1996,0.895492
2834,pak,1997,0.899708
2834,pak,1998,0.903682
2834,pak,1999,0.904931
2834,pak,2000,0.885743
2834,pak,2001,0.905549
2834,pak,2002,0.894433
2834,pak,2003,0.848029
2834,pak,2004,0.851722
2834,pak,2005,0.828337
2834,pak,2006,0.846152
2834,pak,2007,0.849441
2834,pak,2008,0.837188
2834,pak,2009,0.829769
2834,pak,2010,0.805094
2834,pak,2011,0.829377
2834,pak,2012,0.840141
2834,pak,2013,0.843235
2834,pak,2014,0.837443
2834,pak,2015,0.822975
2834,pak,2016,0.855093
2834,pan,1995,0.876078
2834,pan,1996,0.887067
2834,pan,1997,0.880493
2834,pan,1998,0.857233
2834,pan,1999,0.861263
2834,pan,2000,0.853291
2834,pan,2001,0.875871
2834,pan,2002,0.857698
2834,pan,2003,0.8691
2834,pan,2004,0.791656
2834,pan,2005,0.845532
2834,pan,2006,0.833618
2834,pan,2007,0.845947
2834,pan,2008,0.839175
2834,pan,2009,0.872038
2834,pan,2010,0.840539
2834,pan,2011,0.840849
2834,pan,2012,0.82308
2834,pan,2013,0.849903
2834,pan,2014,0.88344
2834,pan,2015,0.878053
2834,pan,2016,0.849199
2834,pcn,1995,0.990932
2834,pcn,1996,0.987336
2834,pcn,1997,0.984097
2834,pcn,1998,0.984445
2834,pcn,1999,0.988353
2834,pcn,2000,0.970548
2834,pcn,2001,0.975285
2834,pcn,2002,0.968963
2834,pcn,2003,0.968864
2834,pcn,2004,0.972271
2834,pcn,2005,0.971325
2834,pcn,2006,0.988194
2834,pcn,2007,0.967884
2834,pcn,2008,0.961092
2834,pcn,2009,0.952666
2834,pcn,2010,0.950005
2834,pcn,2011,0.92836
2834,pcn,2012,0.933692
2834,pcn,2013,0.95088
2834,pcn,2014,0.959036
2834,pcn,2015,0.968712
2834,pcn,2016,0.965897
2834,per,1995,0.881807
2834,per,1996,0.864661
2834,per,1997,0.87454
2834,per,1998,0.854544
2834,per,1999,0.872006
2834,per,2000,0.859688
2834,per,2001,0.862119
2834,per,2002,0.86488
2834,per,2003,0.842233
2834,per,2004,0.845959
2834,per,2005,0.855906
2834,per,2006,0.87139
2834,per,2007,0.861283
2834,per,2008,0.843538
2834,per,2009,0.835442
2834,per,2010,0.825002
2834,per,2011,0.839204
2834,per,2012,0.830082
2834,per,2013,0.845388
2834,per,2014,0.827471
2834,per,2015,0.82053
2834,per,2016,0.850975
2834,phl,1995,0.827484
2834,phl,1996,0.873672
2834,phl,1997,0.878174
2834,phl,1998,0.885784
2834,phl,1999,0.918827
2834,phl,2000,0.910702
2834,phl,2001,0.912288
2834,phl,2002,0.898642
2834,phl,2003,0.888196
2834,phl,2004,0.899896
2834,phl,2005,0.880938
2834,phl,2006,0.883395
2834,phl,2007,0.901855
2834,phl,2008,0.893002
2834,phl,2009,0.880824
2834,phl,2010,0.870529
2834,phl,2011,0.862728
2834,phl,2012,0.850994
2834,phl,2013,0.86865
2834,phl,2014,0.862657
2834,phl,2015,0.860121
2834,phl,2016,0.882325
2834,plw,1995,0.983271
2834,plw,1996,0.979979
2834,plw,1997,0.978987
2834,plw,1998,0.974006
2834,plw,1999,0.982266
2834,plw,2000,0.980854
2834,plw,2001,0.987842
2834,plw,2002,0.988902
2834,plw,2003,0.981411
2834,plw,2004,0.985667
2834,plw,2005,0.985703
2834,plw,2006,0.987401
2834,plw,2007,0.982193
2834,plw,2008,0.983077
2834,plw,2009,0.977492
2834,plw,2010,0.977761
2834,plw,2011,0.983361
2834,plw,2012,0.982648
2834,plw,2013,0.979801
2834,plw,2014,0.982016
2834,plw,2015,0.979477
2834,plw,2016,0.982407
2834,png,1995,0.987111
2834,png,1996,0.98521
2834,png,1997,0.985486
2834,png,1998,0.975795
2834,png,1999,0.985908
2834,png,2000,0.974849
2834,png,2001,0.980899
2834,png,2002,0.981304
2834,png,2003,0.977388
2834,png,2004,0.97287
2834,png,2005,0.971968
2834,png,2006,0.981598
2834,png,2007,0.978202
2834,png,2008,0.968078
2834,png,2009,0.966225
2834,png,2010,0.972032
2834,png,2011,0.955425
2834,png,2012,0.954484
2834,png,2013,0.974496
2834,png,2014,0.975373
2834,png,2015,0.974277
2834,png,2016,0.979881
2834,pol,1995,0.59284
2834,pol,1996,0.562921
2834,pol,1997,0.542527
2834,pol,1998,0.56395
2834,pol,1999,0.573695
2834,pol,2000,0.547738
2834,pol,2001,0.572405
2834,pol,2002,0.598391
2834,pol,2003,0.600654
2834,pol,2004,0.596333
2834,pol,2005,0.578592
2834,pol,2006,0.572391
2834,pol,2007,0.551162
2834,pol,2008,0.560279
2834,pol,2009,0.573924
2834,pol,2010,0.578361
2834,pol,2011,0.562416
2834,pol,2012,0.529537
2834,pol,2013,0.544613
2834,pol,2014,0.550914
2834,pol,2015,0.559707
2834,pol,2016,0.556045
2834,prk,1995,0.825225
2834,prk,1996,0.798055
2834,prk,1997,0.833618
2834,prk,1998,0.826718
2834,prk,1999,0.829858
2834,prk,2000,0.83037
2834,prk,2001,0.829999
2834,prk,2002,0.841666
2834,prk,2003,0.846879
2834,prk,2004,0.855774
2834,prk,2005,0.833986
2834,prk,2006,0.834689
2834,prk,2007,0.883392
2834,prk,2008,0.856165
2834,prk,2009,0.854125
2834,prk,2010,0.8723
2834,prk,2011,0.908382
2834,prk,2012,0.897343
2834,prk,2013,0.9034
2834,prk,2014,0.899041
2834,prk,2015,0.908114
2834,prk,2016,0.911652
2834,prt,1995,0.770543
2834,prt,1996,0.775302
2834,prt,1997,0.751771
2834,prt,1998,0.759084
2834,prt,1999,0.781416
2834,prt,2000,0.661974
2834,prt,2001,0.692333
2834,prt,2002,0.694346
2834,prt,2003,0.687698
2834,prt,2004,0.754455
2834,prt,2005,0.651406
2834,prt,2006,0.64496
2834,prt,2007,0.604715
2834,prt,2008,0.645901
2834,prt,2009,0.557671
2834,prt,2010,0.597794
2834,prt,2011,0.617639
2834,prt,2012,0.613921
2834,prt,2013,0.642689
2834,prt,2014,0.625817
2834,prt,2015,0.650034
2834,prt,2016,0.667808
2834,pry,1995,0.927818
2834,pry,1996,0.936297
2834,pry,1997,0.932159
2834,pry,1998,0.924183
2834,pry,1999,0.944541
2834,pry,2000,0.94543
2834,pry,2001,0.949376
2834,pry,2002,0.947447
2834,pry,2003,0.945536
2834,pry,2004,0.94572
2834,pry,2005,0.934228
2834,pry,2006,0.936066
2834,pry,2007,0.934836
2834,pry,2008,0.9335
2834,pry,2009,0.93488
2834,pry,2010,0.926188
2834,pry,2011,0.939946
2834,pry,2012,0.929393
2834,pry,2013,0.94188
2834,pry,2014,0.936624
2834,pry,2015,0.938246
2834,pry,2016,0.943117
2834,pyf,1995,0.978976
2834,pyf,1996,0.979866
2834,pyf,1997,0.978013
2834,pyf,1998,0.984968
2834,pyf,1999,0.980803
2834,pyf,2000,0.981628
2834,pyf,2001,0.980665
2834,pyf,2002,0.9735
2834,pyf,2003,0.966197
2834,pyf,2004,0.968264
2834,pyf,2005,0.967938
2834,pyf,2006,0.971859
2834,pyf,2007,0.972084
2834,pyf,2008,0.956693
2834,pyf,2009,0.955609
2834,pyf,2010,0.956265
2834,pyf,2011,0.958159
2834,pyf,2012,0.966569
2834,pyf,2013,0.965089
2834,pyf,2014,0.962823
2834,pyf,2015,0.964344
2834,pyf,2016,0.95955
2834,qat,1995,0.985051
2834,qat,1996,0.983752
2834,qat,1997,0.985984
2834,qat,1998,0.982138
2834,qat,1999,0.98056
2834,qat,2000,0.98627
2834,qat,2001,0.981692
2834,qat,2002,0.98438
2834,qat,2003,0.977105
2834,qat,2004,0.972497
2834,qat,2005,0.975628
2834,qat,2006,0.98133
2834,qat,2007,0.977385
2834,qat,2008,0.984951
2834,qat,2009,0.983791
2834,qat,2010,0.983659
2834,qat,2011,0.983051
2834,qat,2012,0.981535
2834,qat,2013,0.987358
2834,qat,2014,0.984033
2834,qat,2015,0.966635
2834,qat,2016,0.976076
2834,reu,1995,0.942022
2834,rou,1995,0.690885
2834,rou,1996,0.687993
2834,rou,1997,0.679894
2834,rou,1998,0.750162
2834,rou,1999,0.788053
2834,rou,2000,0.769237
2834,rou,2001,0.786833
2834,rou,2002,0.788259
2834,rou,2003,0.759387
2834,rou,2004,0.764273
2834,rou,2005,0.70095
2834,rou,2006,0.763084
2834,rou,2007,0.761584
2834,rou,2008,0.769635
2834,rou,2009,0.768699
2834,rou,2010,0.762983
2834,rou,2011,0.77447
2834,rou,2012,0.749479
2834,rou,2013,0.760361
2834,rou,2014,0.769174
2834,rou,2015,0.773829
2834,rou,2016,0.796207
2834,rus,1995,0.826558
2834,rus,1996,0.778969
2834,rus,1997,0.837793
2834,rus,1998,0.809063
2834,rus,1999,0.838123
2834,rus,2000,0.836633
2834,rus,2001,0.847174
2834,rus,2002,0.864655
2834,rus,2003,0.823581
2834,rus,2004,0.834347
2834,rus,2005,0.858566
2834,rus,2006,0.881154
2834,rus,2007,0.897373
2834,rus,2008,0.895732
2834,rus,2009,0.901109
2834,rus,2010,0.921956
2834,rus,2011,0.923204
2834,rus,2012,0.905982
2834,rus,2013,0.910998
2834,rus,2014,0.904431
2834,rus,2015,0.881558
2834,rus,2016,0.842835
2834,rwa,1995,0.971322
2834,rwa,1996,0.978037
2834,rwa,1997,0.965895
2834,rwa,1998,0.97197
2834,rwa,1999,0.973361
2834,rwa,2000,0.969475
2834,rwa,2001,0.980968
2834,rwa,2002,0.966729
2834,rwa,2003,0.971345
2834,rwa,2004,0.979901
2834,rwa,2005,0.965907
2834,rwa,2006,0.972922
2834,rwa,2007,0.961035
2834,rwa,2008,0.963377
2834,rwa,2009,0.951795
2834,rwa,2010,0.945996
2834,rwa,2011,0.966868
2834,rwa,2012,0.961238
2834,rwa,2013,0.968769
2834,rwa,2014,0.960184
2834,rwa,2015,0.911866
2834,rwa,2016,0.922919
2834,sau,1995,0.967717
2834,sau,1996,0.964598
2834,sau,1997,0.969479
2834,sau,1998,0.943448
2834,sau,1999,0.96819
2834,sau,2000,0.959955
2834,sau,2001,0.957625
2834,sau,2002,0.948352
2834,sau,2003,0.947033
2834,sau,2004,0.95153
2834,sau,2005,0.958626
2834,sau,2006,0.960082
2834,sau,2007,0.967284
2834,sau,2008,0.976047
2834,sau,2009,0.973288
2834,sau,2010,0.965921
2834,sau,2011,0.971334
2834,sau,2012,0.972595
2834,sau,2013,0.970757
2834,sau,2014,0.970513
2834,sau,2015,0.94367
2834,sau,2016,0.944234
2834,scg,1995,0.814512
2834,scg,1996,0.677777
2834,scg,1997,0.714539
2834,scg,1998,0.75595
2834,scg,1999,0.714162
2834,scg,2000,0.696412
2834,scg,2001,0.714848
2834,scg,2002,0.734717
2834,scg,2003,0.751718
2834,scg,2004,0.690404
2834,scg,2005,0.719407
2834,sdn,1995,0.962525
2834,sdn,1996,0.956299
2834,sdn,1997,0.96386
2834,sdn,1998,0.947752
2834,sdn,1999,0.965589
2834,sdn,2000,0.9681
2834,sdn,2001,0.976436
2834,sdn,2002,0.973675
2834,sdn,2003,0.976258
2834,sdn,2004,0.972876
2834,sdn,2005,0.980523
2834,sdn,2006,0.98228
2834,sdn,2007,0.981347
2834,sdn,2008,0.982261
2834,sdn,2009,0.980437
2834,sdn,2010,0.973423
2834,sdn,2011,0.982133
2834,sdn,2012,0.967374
2834,sdn,2013,0.962774
2834,sdn,2014,0.961921
2834,sdn,2015,0.952454
2834,sdn,2016,0.955586
2834,sen,1995,0.946398
2834,sen,1996,0.914966
2834,sen,1997,0.91582
2834,sen,1998,0.891315
2834,sen,1999,0.913089
2834,sen,2000,0.889356
2834,sen,2001,0.900775
2834,sen,2002,0.897282
2834,sen,2003,0.88444
2834,sen,2004,0.861023
2834,sen,2005,0.87763
2834,sen,2006,0.872781
2834,sen,2007,0.78588
2834,sen,2008,0.862715
2834,sen,2009,0.863057
2834,sen,2010,0.813692
2834,sen,2011,0.870812
2834,sen,2012,0.829773
2834,sen,2013,0.866909
2834,sen,2014,0.857297
2834,sen,2015,0.848464
2834,sen,2016,0.881284
2834,sgp,1995,0.883279
2834,sgp,1996,0.889094
2834,sgp,1997,0.901391
2834,sgp,1998,0.891466
2834,sgp,1999,0.878135
2834,sgp,2000,0.889711
2834,sgp,2001,0.872605
2834,sgp,2002,0.874762
2834,sgp,2003,0.867086
2834,sgp,2004,0.881573
2834,sgp,2005,0.883892
2834,sgp,2006,0.884711
2834,sgp,2007,0.87945
2834,sgp,2008,0.868968
2834,sgp,2009,0.889716
2834,sgp,2010,0.88387
2834,sgp,2011,0.882542
2834,sgp,2012,0.883291
2834,sgp,2013,0.878104
2834,sgp,2014,0.877722
2834,sgp,2015,0.885444
2834,sgp,2016,0.861301
2834,shn,1995,0.968806
2834,shn,1996,0.962609
2834,shn,1997,0.932458
2834,shn,1998,0.926769
2834,shn,1999,0.940191
2834,shn,2000,0.931103
2834,shn,2001,0.951286
2834,shn,2002,0.944908
2834,shn,2003,0.934911
2834,shn,2004,0.939232
2834,shn,2005,0.94535
2834,shn,2006,0.949117
2834,shn,2007,0.955891
2834,shn,2008,0.971146
2834,shn,2009,0.952761
2834,shn,2010,0.960626
2834,shn,2011,0.950734
2834,shn,2012,0.949749
2834,shn,2013,0.962657
2834,shn,2014,0.95835
2834,shn,2015,0.966853
2834,shn,2016,0.969636
2834,slb,1995,0.984199
2834,slb,1996,0.984792
2834,slb,1997,0.986674
2834,slb,1998,0.98282
2834,slb,1999,0.98627
2834,slb,2000,0.975797
2834,slb,2001,0.972464
2834,slb,2002,0.97405
2834,slb,2003,0.982282
2834,slb,2004,0.984101
2834,slb,2005,0.984929
2834,slb,2006,0.98598
2834,slb,2007,0.980628
2834,slb,2008,0.978331
2834,slb,2009,0.977658
2834,slb,2010,0.97848
2834,slb,2011,0.980478
2834,slb,2012,0.976169
2834,slb,2013,0.982189
2834,slb,2014,0.981801
2834,slb,2015,0.971657
2834,slb,2016,0.978378
2834,sle,1995,0.959444
2834,sle,1996,0.944883
2834,sle,1997,0.962828
2834,sle,1998,0.949951
2834,sle,1999,0.940795
2834,sle,2000,0.926183
2834,sle,2001,0.910068
2834,sle,2002,0.913973
2834,sle,2003,0.9333
2834,sle,2004,0.912191
2834,sle,2005,0.918046
2834,sle,2006,0.933236
2834,sle,2007,0.931892
2834,sle,2008,0.92504
2834,sle,2009,0.897278
2834,sle,2010,0.913304
2834,sle,2011,0.94177
2834,sle,2012,0.965376
2834,sle,2013,0.97422
2834,sle,2014,0.977416
2834,sle,2015,0.946928
2834,sle,2016,0.943696
2834,slv,1995,0.867698
2834,slv,1996,0.877804
2834,slv,1997,0.866434
2834,slv,1998,0.856688
2834,slv,1999,0.879489
2834,slv,2000,0.868732
2834,slv,2001,0.8759
2834,slv,2002,0.877383
2834,slv,2003,0.881086
2834,slv,2004,0.857261
2834,slv,2005,0.844996
2834,slv,2006,0.852124
2834,slv,2007,0.843275
2834,slv,2008,0.824053
2834,slv,2009,0.818967
2834,slv,2010,0.818696
2834,slv,2011,0.83458
2834,slv,2012,0.831303
2834,slv,2013,0.83984
2834,slv,2014,0.830106
2834,slv,2015,0.842808
2834,slv,2016,0.854754
2834,som,1995,0.981425
2834,som,1996,0.981283
2834,som,1997,0.976574
2834,som,1998,0.972289
2834,som,1999,0.971948
2834,som,2000,0.972846
2834,som,2001,0.968284
2834,som,2002,0.968788
2834,som,2003,0.964802
2834,som,2004,0.973388
2834,som,2005,0.968606
2834,som,2006,0.973552
2834,som,2007,0.939852
2834,som,2008,0.957712
2834,som,2009,0.957102
2834,som,2010,0.977407
2834,som,2011,0.979401
2834,som,2012,0.979959
2834,som,2013,0.980468
2834,som,2014,0.978236
2834,som,2015,0.972497
2834,som,2016,0.966237
2834,spm,1995,0.955645
2834,spm,1996,0.964622
2834,spm,1997,0.949851
2834,spm,1998,0.946784
2834,spm,1999,0.975078
2834,spm,2000,0.976202
2834,spm,2001,0.982301
2834,spm,2002,0.984248
2834,spm,2003,0.983448
2834,spm,2004,0.983318
2834,spm,2005,0.981395
2834,spm,2006,0.980668
2834,spm,2007,0.981453
2834,spm,2008,0.974747
2834,spm,2009,0.979577
2834,spm,2010,0.970816
2834,spm,2011,0.957515
2834,spm,2012,0.952008
2834,spm,2013,0.968788
2834,spm,2014,0.974474
2834,spm,2015,0.958465
2834,spm,2016,0.960913
2834,stp,1995,0.967003
2834,stp,1996,0.963105
2834,stp,1997,0.970081
2834,stp,1998,0.959969
2834,stp,1999,0.965334
2834,stp,2000,0.960689
2834,stp,2001,0.966583
2834,stp,2002,0.948735
2834,stp,2003,0.956028
2834,stp,2004,0.94665
2834,stp,2005,0.956999
2834,stp,2006,0.958715
2834,stp,2007,0.945758
2834,stp,2008,0.964087
2834,stp,2009,0.947803
2834,stp,2010,0.946182
2834,stp,2011,0.951258
2834,stp,2012,0.957431
2834,stp,2013,0.947913
2834,stp,2014,0.948632
2834,stp,2015,0.955914
2834,stp,2016,0.963748
2834,sur,1995,0.974653
2834,sur,1996,0.970645
2834,sur,1997,0.97625
2834,sur,1998,0.975785
2834,sur,1999,0.9759
2834,sur,2000,0.976393
2834,sur,2001,0.975025
2834,sur,2002,0.977004
2834,sur,2003,0.970971
2834,sur,2004,0.97552
2834,sur,2005,0.976452
2834,sur,2006,0.971067
2834,sur,2007,0.970529
2834,sur,2008,0.970399
2834,sur,2009,0.952091
2834,sur,2010,0.966005
2834,sur,2011,0.962375
2834,sur,2012,0.965061
2834,sur,2013,0.972435
2834,sur,2014,0.960664
2834,sur,2015,0.960737
2834,sur,2016,0.961879
2834,svk,1995,0.686135
2834,svk,1996,0.670761
2834,svk,1997,0.67279
2834,svk,1998,0.707803
2834,svk,1999,0.748503
2834,svk,2000,0.73402
2834,svk,2001,0.74287
2834,svk,2002,0.764004
2834,svk,2003,0.76856
2834,svk,2004,0.781345
2834,svk,2005,0.754517
2834,svk,2006,0.776077
2834,svk,2007,0.771971
2834,svk,2008,0.7773
2834,svk,2009,0.713267
2834,svk,2010,0.780277
2834,svk,2011,0.777042
2834,svk,2012,0.780299
2834,svk,2013,0.78349
2834,svk,2014,0.778125
2834,svk,2015,0.787595
2834,svk,2016,0.79967
2834,svn,1995,0.702422
2834,svn,1996,0.686705
2834,svn,1997,0.681942
2834,svn,1998,0.701452
2834,svn,1999,0.716257
2834,svn,2000,0.698821
2834,svn,2001,0.694138
2834,svn,2002,0.713383
2834,svn,2003,0.730104
2834,svn,2004,0.741914
2834,svn,2005,0.718865
2834,svn,2006,0.726989
2834,svn,2007,0.742057
2834,svn,2008,0.737616
2834,svn,2009,0.716615
2834,svn,2010,0.726913
2834,svn,2011,0.716164
2834,svn,2012,0.713527
2834,svn,2013,0.70853
2834,svn,2014,0.703183
2834,svn,2015,0.709222
2834,svn,2016,0.716599
2834,swe,1995,0.759578
2834,swe,1996,0.742557
2834,swe,1997,0.738038
2834,swe,1998,0.736185
2834,swe,1999,0.739361
2834,swe,2000,0.728578
2834,swe,2001,0.702609
2834,swe,2002,0.716919
2834,swe,2003,0.752249
2834,swe,2004,0.747647
2834,swe,2005,0.763422
2834,swe,2006,0.746322
2834,swe,2007,0.728685
2834,swe,2008,0.736741
2834,swe,2009,0.705292
2834,swe,2010,0.722956
2834,swe,2011,0.700998
2834,swe,2012,0.682259
2834,swe,2013,0.693526
2834,swe,2014,0.689198
2834,swe,2015,0.69808
2834,swe,2016,0.688827
2834,syc,1995,0.958758
2834,syc,1996,0.964075
2834,syc,1997,0.981258
2834,syc,1998,0.974984
2834,syc,1999,0.97573
2834,syc,2000,0.977816
2834,syc,2001,0.977579
2834,syc,2002,0.984788
2834,syc,2003,0.977514
2834,syc,2004,0.966049
2834,syc,2005,0.974981
2834,syc,2006,0.974839
2834,syc,2007,0.965639
2834,syc,2008,0.954261
2834,syc,2009,0.974165
2834,syc,2010,0.955979
2834,syc,2011,0.962899
2834,syc,2012,0.949757
2834,syc,2013,0.952082
2834,syc,2014,0.958576
2834,syc,2015,0.949154
2834,syc,2016,0.971483
2834,syr,1995,0.960803
2834,syr,1996,0.951792
2834,syr,1997,0.95284
2834,syr,1998,0.914949
2834,syr,1999,0.930886
2834,syr,2000,0.933414
2834,syr,2001,0.939669
2834,syr,2002,0.917241
2834,syr,2003,0.917477
2834,syr,2004,0.868381
2834,syr,2005,0.874945
2834,syr,2006,0.845287
2834,syr,2007,0.833764
2834,syr,2008,0.822197
2834,syr,2009,0.782879
2834,syr,2010,0.788889
2834,syr,2011,0.838635
2834,syr,2012,0.757701
2834,syr,2013,0.815065
2834,syr,2014,0.832235
2834,syr,2015,0.874423
2834,syr,2016,0.877227
2834,tca,1995,0.987095
2834,tca,1996,0.981219
2834,tca,1997,0.950861
2834,tca,1998,0.928505
2834,tca,1999,0.920995
2834,tca,2000,0.958228
2834,tca,2001,0.931554
2834,tca,2002,0.928668
2834,tca,2003,0.949242
2834,tca,2004,0.935027
2834,tca,2005,0.925639
2834,tca,2006,0.912768
2834,tca,2007,0.913305
2834,tca,2008,0.899077
2834,tca,2009,0.916149
2834,tca,2010,0.907748
2834,tca,2011,0.90908
2834,tca,2012,0.95055
2834,tca,2013,0.914674
2834,tca,2014,0.921715
2834,tca,2015,0.938145
2834,tca,2016,0.958347
2834,tcd,1995,0.989289
2834,tcd,1996,0.99062
2834,tcd,1997,0.986846
2834,tcd,1998,0.991735
2834,tcd,1999,0.988696
2834,tcd,2000,0.984921
2834,tcd,2001,0.984328
2834,tcd,2002,0.977269
2834,tcd,2003,0.983681
2834,tcd,2004,0.995721
2834,tcd,2005,0.997616
2834,tcd,2006,0.998269
2834,tcd,2007,0.997516
2834,tcd,2008,0.997016
2834,tcd,2009,0.990405
2834,tcd,2010,0.985711
2834,tcd,2011,0.99403
2834,tcd,2012,0.996005
2834,tcd,2013,0.995385
2834,tcd,2014,0.993415
2834,tcd,2015,0.993795
2834,tcd,2016,0.992143
2834,tgo,1995,0.930211
2834,tgo,1996,0.924356
2834,tgo,1997,0.925276
2834,tgo,1998,0.9153
2834,tgo,1999,0.931642
2834,tgo,2000,0.90808
2834,tgo,2001,0.909507
2834,tgo,2002,0.922378
2834,tgo,2003,0.90594
2834,tgo,2004,0.887089
2834,tgo,2005,0.896992
2834,tgo,2006,0.915171
2834,tgo,2007,0.927681
2834,tgo,2008,0.91855
2834,tgo,2009,0.895305
2834,tgo,2010,0.918637
2834,tgo,2011,0.924415
2834,tgo,2012,0.912655
2834,tgo,2013,0.922923
2834,tgo,2014,0.91013
2834,tgo,2015,0.916272
2834,tgo,2016,0.928856
2834,tha,1995,0.756573
2834,tha,1996,0.804079
2834,tha,1997,0.786115
2834,tha,1998,0.798169
2834,tha,1999,0.796912
2834,tha,2000,0.76525
2834,tha,2001,0.784235
2834,tha,2002,0.763759
2834,tha,2003,0.764587
2834,tha,2004,0.774087
2834,tha,2005,0.745462
2834,tha,2006,0.755417
2834,tha,2007,0.774843
2834,tha,2008,0.761965
2834,tha,2009,0.75614
2834,tha,2010,0.749107
2834,tha,2011,0.744764
2834,tha,2012,0.761813
2834,tha,2013,0.755562
2834,tha,2014,0.752421
2834,tha,2015,0.753058
2834,tha,2016,0.76661
2834,tjk,1995,0.955556
2834,tjk,1996,0.956264
2834,tjk,1997,0.936426
2834,tjk,1998,0.935482
2834,tjk,1999,0.945706
2834,tjk,2000,0.950532
2834,tjk,2001,0.951912
2834,tjk,2002,0.936345
2834,tjk,2003,0.94697
2834,tjk,2004,0.949708
2834,tjk,2005,0.946105
2834,tjk,2006,0.960482
2834,tjk,2007,0.957766
2834,tjk,2008,0.946851
2834,tjk,2009,0.948978
2834,tjk,2010,0.939613
2834,tjk,2011,0.956205
2834,tjk,2012,0.963725
2834,tjk,2013,0.9654
2834,tjk,2014,0.960293
2834,tjk,2015,0.954352
2834,tjk,2016,0.960361
2834,tkl,1995,0.961199
2834,tkl,1996,0.938868
2834,tkl,1997,0.931526
2834,tkl,1998,0.933217
2834,tkl,1999,0.922632
2834,tkl,2000,0.88167
2834,tkl,2001,0.914459
2834,tkl,2002,0.894521
2834,tkl,2003,0.908419
2834,tkl,2004,0.877612
2834,tkl,2005,0.89294
2834,tkl,2006,0.881294
2834,tkl,2007,0.901865
2834,tkl,2008,0.889279
2834,tkl,2009,0.902566
2834,tkl,2010,0.887612
2834,tkl,2011,0.903468
2834,tkl,2012,0.900238
2834,tkl,2013,0.920827
2834,tkl,2014,0.888418
2834,tkl,2015,0.905764
2834,tkl,2016,0.912162
2834,tkm,1995,0.980944
2834,tkm,1996,0.96624
2834,tkm,1997,0.971057
2834,tkm,1998,0.92545
2834,tkm,1999,0.960691
2834,tkm,2000,0.963158
2834,tkm,2001,0.977606
2834,tkm,2002,0.974615
2834,tkm,2003,0.978861
2834,tkm,2004,0.969978
2834,tkm,2005,0.975673
2834,tkm,2006,0.977
2834,tkm,2007,0.981881
2834,tkm,2008,0.979065
2834,tkm,2009,0.969753
2834,tkm,2010,0.961955
2834,tkm,2011,0.982571
2834,tkm,2012,0.987875
2834,tkm,2013,0.985621
2834,tkm,2014,0.981717
2834,tkm,2015,0.978417
2834,tkm,2016,0.9749
2834,tls,1995,0.976136
2834,tls,1996,0.976183
2834,tls,1997,0.98318
2834,tls,1998,0.980316
2834,tls,1999,0.992433
2834,tls,2000,0.991262
2834,tls,2001,0.962756
2834,tls,2002,0.960051
2834,tls,2003,0.957837
2834,tls,2004,0.985445
2834,tls,2005,0.982186
2834,tls,2006,0.978331
2834,tls,2007,0.968281
2834,tls,2008,0.980744
2834,tls,2009,0.975999
2834,tls,2010,0.975341
2834,tls,2011,0.983819
2834,tls,2012,0.98669
2834,tls,2013,0.993876
2834,tls,2014,0.990679
2834,tls,2015,0.991143
2834,tls,2016,0.979597
2834,ton,1995,0.973299
2834,ton,1996,0.975298
2834,ton,1997,0.974018
2834,ton,1998,0.970485
2834,ton,1999,0.967126
2834,ton,2000,0.971665
2834,ton,2001,0.973661
2834,ton,2002,0.976705
2834,ton,2003,0.961713
2834,ton,2004,0.961945
2834,ton,2005,0.958017
2834,ton,2006,0.958661
2834,ton,2007,0.956272
2834,ton,2008,0.945341
2834,ton,2009,0.951731
2834,ton,2010,0.938044
2834,ton,2011,0.948904
2834,ton,2012,0.937604
2834,ton,2013,0.951688
2834,ton,2014,0.94402
2834,ton,2015,0.948887
2834,ton,2016,0.960866
2834,tto,1995,0.926526
2834,tto,1996,0.911446
2834,tto,1997,0.911286
2834,tto,1998,0.903098
2834,tto,1999,0.927575
2834,tto,2000,0.943864
2834,tto,2001,0.940835
2834,tto,2002,0.949219
2834,tto,2003,0.953965
2834,tto,2004,0.954268
2834,tto,2005,0.952422
2834,tto,2006,0.961212
2834,tto,2007,0.95766
2834,tto,2008,0.962571
2834,tto,2009,0.952665
2834,tto,2010,0.965831
2834,tto,2011,0.968987
2834,tto,2012,0.964518
2834,tto,2013,0.973763
2834,tto,2014,0.968402
2834,tto,2015,0.956023
2834,tto,2016,0.950435
2834,tun,1995,0.859011
2834,tun,1996,0.876489
2834,tun,1997,0.873998
2834,tun,1998,0.871367
2834,tun,1999,0.889714
2834,tun,2000,0.853686
2834,tun,2001,0.855825
2834,tun,2002,0.836475
2834,tun,2003,0.831214
2834,tun,2004,0.843328
2834,tun,2005,0.805055
2834,tun,2006,0.815579
2834,tun,2007,0.800985
2834,tun,2008,0.811565
2834,tun,2009,0.773143
2834,tun,2010,0.786617
2834,tun,2011,0.801503
2834,tun,2012,0.79574
2834,tun,2013,0.803577
2834,tun,2014,0.791584
2834,tun,2015,0.806574
2834,tun,2016,0.819853
2834,tur,1995,0.760865
2834,tur,1996,0.733985
2834,tur,1997,0.711864
2834,tur,1998,0.722198
2834,tur,1999,0.747777
2834,tur,2000,0.712476
2834,tur,2001,0.727448
2834,tur,2002,0.72869
2834,tur,2003,0.707794
2834,tur,2004,0.721285
2834,tur,2005,0.671905
2834,tur,2006,0.70022
2834,tur,2007,0.694977
2834,tur,2008,0.68842
2834,tur,2009,0.641224
2834,tur,2010,0.638839
2834,tur,2011,0.656605
2834,tur,2012,0.667204
2834,tur,2013,0.647944
2834,tur,2014,0.650358
2834,tur,2015,0.656886
2834,tur,2016,0.69796
2834,tuv,1995,0.979795
2834,tuv,1996,0.97125
2834,tuv,1997,0.976558
2834,tuv,1998,0.98002
2834,tuv,1999,0.979773
2834,tuv,2000,0.965439
2834,tuv,2001,0.908565
2834,tuv,2002,0.893942
2834,tuv,2003,0.961589
2834,tuv,2004,0.970514
2834,tuv,2005,0.950083
2834,tuv,2006,0.959834
2834,tuv,2007,0.960973
2834,tuv,2008,0.953914
2834,tuv,2009,0.964814
2834,tuv,2010,0.971355
2834,tuv,2011,0.981433
2834,tuv,2012,0.983768
2834,tuv,2013,0.990365
2834,tuv,2014,0.969116
2834,tuv,2015,0.980267
2834,tuv,2016,0.993562
2834,tza,1995,0.934602
2834,tza,1996,0.928477
2834,tza,1997,0.913299
2834,tza,1998,0.900153
2834,tza,1999,0.913895
2834,tza,2000,0.911363
2834,tza,2001,0.906117
2834,tza,2002,0.898313
2834,tza,2003,0.905063
2834,tza,2004,0.872292
2834,tza,2005,0.884268
2834,tza,2006,0.892012
2834,tza,2007,0.86563
2834,tza,2008,0.773283
2834,tza,2009,0.817866
2834,tza,2010,0.791407
2834,tza,2011,0.861529
2834,tza,2012,0.850631
2834,tza,2013,0.876158
2834,tza,2014,0.873033
2834,tza,2015,0.859294
2834,tza,2016,0.876215
2834,uga,1995,0.988055
2834,uga,1996,0.98091
2834,uga,1997,0.970918
2834,uga,1998,0.957141
2834,uga,1999,0.968739
2834,uga,2000,0.939525
2834,uga,2001,0.934139
2834,uga,2002,0.935639
2834,uga,2003,0.93037
2834,uga,2004,0.90713
2834,uga,2005,0.904429
2834,uga,2006,0.9213
2834,uga,2007,0.889964
2834,uga,2008,0.855063
2834,uga,2009,0.839207
2834,uga,2010,0.815532
2834,uga,2011,0.84722
2834,uga,2012,0.828227
2834,uga,2013,0.854343
2834,uga,2014,0.833088
2834,uga,2015,0.829219
2834,uga,2016,0.847587
2834,ukr,1995,0.796569
2834,ukr,1996,0.702424
2834,ukr,1997,0.70925
2834,ukr,1998,0.735886
2834,ukr,1999,0.776568
2834,ukr,2000,0.733491
2834,ukr,2001,0.745265
2834,ukr,2002,0.808243
2834,ukr,2003,0.750306
2834,ukr,2004,0.750912
2834,ukr,2005,0.751192
2834,ukr,2006,0.752908
2834,ukr,2007,0.79044
2834,ukr,2008,0.755435
2834,ukr,2009,0.737857
2834,ukr,2010,0.792006
2834,ukr,2011,0.81273
2834,ukr,2012,0.746395
2834,ukr,2013,0.742452
2834,ukr,2014,0.746739
2834,ukr,2015,0.807325
2834,ukr,2016,0.807077
2834,ury,1995,0.839768
2834,ury,1996,0.848649
2834,ury,1997,0.838241
2834,ury,1998,0.800788
2834,ury,1999,0.852425
2834,ury,2000,0.845328
2834,ury,2001,0.851599
2834,ury,2002,0.861989
2834,ury,2003,0.863217
2834,ury,2004,0.854049
2834,ury,2005,0.844642
2834,ury,2006,0.866306
2834,ury,2007,0.848721
2834,ury,2008,0.860424
2834,ury,2009,0.880187
2834,ury,2010,0.862693
2834,ury,2011,0.865598
2834,ury,2012,0.869828
2834,ury,2013,0.882675
2834,ury,2014,0.881373
2834,ury,2015,0.874916
2834,ury,2016,0.884011
2834,usa,1995,0.640106
2834,usa,1996,0.632731
2834,usa,1997,0.622237
2834,usa,1998,0.622878
2834,usa,1999,0.588693
2834,usa,2000,0.576311
2834,usa,2001,0.57634
2834,usa,2002,0.571907
2834,usa,2003,0.610531
2834,usa,2004,0.582497
2834,usa,2005,0.601189
2834,usa,2006,0.601142
2834,usa,2007,0.571432
2834,usa,2008,0.584922
2834,usa,2009,0.604761
2834,usa,2010,0.593106
2834,usa,2011,0.585301
2834,usa,2012,0.579681
2834,usa,2013,0.592771
2834,usa,2014,0.605905
2834,usa,2015,0.596455
2834,usa,2016,0.601933
2834,uzb,1995,0.956416
2834,uzb,1996,0.948422
2834,uzb,1997,0.93417
2834,uzb,1998,0.91494
2834,uzb,1999,0.925101
2834,uzb,2000,0.909872
2834,uzb,2001,0.921589
2834,uzb,2002,0.91889
2834,uzb,2003,0.924195
2834,uzb,2004,0.922241
2834,uzb,2005,0.913249
2834,uzb,2006,0.93028
2834,uzb,2007,0.917879
2834,uzb,2008,0.918108
2834,uzb,2009,0.905826
2834,uzb,2010,0.88621
2834,uzb,2011,0.905248
2834,uzb,2012,0.90029
2834,uzb,2013,0.91359
2834,uzb,2014,0.90502
2834,uzb,2015,0.899974
2834,uzb,2016,0.912308
2834,vct,1995,0.966604
2834,vct,1996,0.956964
2834,vct,1997,0.940364
2834,vct,1998,0.925979
2834,vct,1999,0.961195
2834,vct,2000,0.931139
2834,vct,2001,0.967323
2834,vct,2002,0.95603
2834,vct,2003,0.964627
2834,vct,2004,0.974658
2834,vct,2005,0.97393
2834,vct,2006,0.974443
2834,vct,2007,0.959207
2834,vct,2008,0.974601
2834,vct,2009,0.955864
2834,vct,2010,0.938279
2834,vct,2011,0.931745
2834,vct,2012,0.931251
2834,vct,2013,0.955476
2834,vct,2014,0.955301
2834,vct,2015,0.919485
2834,vct,2016,0.968572
2834,ven,1995,0.934975
2834,ven,1996,0.920186
2834,ven,1997,0.913388
2834,ven,1998,0.901699
2834,ven,1999,0.933895
2834,ven,2000,0.941055
2834,ven,2001,0.940334
2834,ven,2002,0.944465
2834,ven,2003,0.938883
2834,ven,2004,0.929424
2834,ven,2005,0.943752
2834,ven,2006,0.96276
2834,ven,2007,0.960286
2834,ven,2008,0.971781
2834,ven,2009,0.967652
2834,ven,2010,0.97738
2834,ven,2011,0.978758
2834,ven,2012,0.984292
2834,ven,2013,0.982243
2834,ven,2014,0.976495
2834,ven,2015,0.971289
2834,ven,2016,0.969933
2834,vgb,1995,0.96018
2834,vgb,1996,0.960185
2834,vgb,1997,0.951881
2834,vgb,1998,0.952404
2834,vgb,1999,0.955262
2834,vgb,2000,0.933604
2834,vgb,2001,0.936612
2834,vgb,2002,0.952872
2834,vgb,2003,0.941368
2834,vgb,2004,0.955609
2834,vgb,2005,0.976694
2834,vgb,2006,0.927898
2834,vgb,2007,0.927706
2834,vgb,2008,0.924284
2834,vgb,2009,0.928076
2834,vgb,2010,0.954287
2834,vgb,2011,0.952378
2834,vgb,2012,0.962692
2834,vgb,2013,0.962842
2834,vgb,2014,0.924126
2834,vgb,2015,0.957113
2834,vgb,2016,0.961086
2834,vnm,1995,0.862796
2834,vnm,1996,0.88263
2834,vnm,1997,0.864642
2834,vnm,1998,0.871439
2834,vnm,1999,0.886854
2834,vnm,2000,0.864065
2834,vnm,2001,0.848701
2834,vnm,2002,0.817781
2834,vnm,2003,0.815925
2834,vnm,2004,0.824
2834,vnm,2005,0.813117
2834,vnm,2006,0.817082
2834,vnm,2007,0.826053
2834,vnm,2008,0.809465
2834,vnm,2009,0.803998
2834,vnm,2010,0.774565
2834,vnm,2011,0.78933
2834,vnm,2012,0.793249
2834,vnm,2013,0.803374
2834,vnm,2014,0.817012
2834,vnm,2015,0.838278
2834,vnm,2016,0.858467
2834,vut,1995,0.982871
2834,vut,1996,0.972318
2834,vut,1997,0.978893
2834,vut,1998,0.974268
2834,vut,1999,0.974947
2834,vut,2000,0.972129
2834,vut,2001,0.971428
2834,vut,2002,0.96961
2834,vut,2003,0.968973
2834,vut,2004,0.972371
2834,vut,2005,0.971345
2834,vut,2006,0.971649
2834,vut,2007,0.975854
2834,vut,2008,0.975816
2834,vut,2009,0.968835
2834,vut,2010,0.972462
2834,vut,2011,0.975246
2834,vut,2012,0.9692
2834,vut,2013,0.961858
2834,vut,2014,0.971183
2834,vut,2015,0.958602
2834,vut,2016,0.972552
2834,wlf,1995,0.988952
2834,wlf,1996,0.98076
2834,wlf,1997,0.985884
2834,wlf,1998,0.990297
2834,wlf,1999,0.988631
2834,wlf,2000,0.976822
2834,wlf,2001,0.984492
2834,wlf,2002,0.980721
2834,wlf,2003,0.989559
2834,wlf,2004,0.968815
2834,wlf,2005,0.97089
2834,wlf,2006,0.961933
2834,wlf,2007,0.974185
2834,wlf,2008,0.979756
2834,wlf,2009,0.976493
2834,wlf,2010,0.965153
2834,wlf,2011,0.966457
2834,wlf,2012,0.962726
2834,wlf,2013,0.973403
2834,wlf,2014,0.965311
2834,wlf,2015,0.977204
2834,wlf,2016,0.974291
2834,wsm,1995,0.977294
2834,wsm,1996,0.978219
2834,wsm,1997,0.974558
2834,wsm,1998,0.979003
2834,wsm,1999,0.975959
2834,wsm,2000,0.974048
2834,wsm,2001,0.972953
2834,wsm,2002,0.959767
2834,wsm,2003,0.953308
2834,wsm,2004,0.939145
2834,wsm,2005,0.949404
2834,wsm,2006,0.967236
2834,wsm,2007,0.963071
2834,wsm,2008,0.954847
2834,wsm,2009,0.924578
2834,wsm,2010,0.925542
2834,wsm,2011,0.922864
2834,wsm,2012,0.910397
2834,wsm,2013,0.933958
2834,wsm,2014,0.924635
2834,wsm,2015,0.928877
2834,wsm,2016,0.946087
2834,yem,1995,0.985838
2834,yem,1996,0.981402
2834,yem,1997,0.988982
2834,yem,1998,0.977853
2834,yem,1999,0.986437
2834,yem,2000,0.984701
2834,yem,2001,0.986669
2834,yem,2002,0.976441
2834,yem,2003,0.978872
2834,yem,2004,0.966257
2834,yem,2005,0.971071
2834,yem,2006,0.973631
2834,yem,2007,0.965836
2834,yem,2008,0.970552
2834,yem,2009,0.951403
2834,yem,2010,0.955683
2834,yem,2011,0.956353
2834,yem,2012,0.959848
2834,yem,2013,0.969409
2834,yem,2014,0.967958
2834,yem,2015,0.944062
2834,yem,2016,0.945621
2834,zaf,1995,0.783182
2834,zaf,1996,0.726847
2834,zaf,1997,0.744238
2834,zaf,1998,0.706854
2834,zaf,1999,0.773351
2834,zaf,2000,0.710801
2834,zaf,2001,0.67186
2834,zaf,2002,0.622167
2834,zaf,2003,0.626517
2834,zaf,2004,0.634819
2834,zaf,2005,0.679625
2834,zaf,2006,0.722126
2834,zaf,2007,0.711691
2834,zaf,2008,0.777197
2834,zaf,2009,0.683457
2834,zaf,2010,0.741401
2834,zaf,2011,0.800478
2834,zaf,2012,0.801339
2834,zaf,2013,0.817447
2834,zaf,2014,0.773038
2834,zaf,2015,0.731711
2834,zaf,2016,0.751962
2834,zmb,1995,0.9414
2834,zmb,1996,0.905044
2834,zmb,1997,0.930412
2834,zmb,1998,0.91529
2834,zmb,1999,0.927174
2834,zmb,2000,0.918181
2834,zmb,2001,0.929338
2834,zmb,2002,0.878146
2834,zmb,2003,0.912434
2834,zmb,2004,0.917277
2834,zmb,2005,0.949984
2834,zmb,2006,0.947582
2834,zmb,2007,0.937279
2834,zmb,2008,0.939426
2834,zmb,2009,0.93347
2834,zmb,2010,0.937717
2834,zmb,2011,0.945754
2834,zmb,2012,0.960259
2834,zmb,2013,0.958961
2834,zmb,2014,0.948773
2834,zmb,2015,0.931208
2834,zmb,2016,0.962706
2834,zwe,1995,0.824789
2834,zwe,1996,0.872139
2834,zwe,1997,0.891904
2834,zwe,1998,0.869126
2834,zwe,1999,0.888464
2834,zwe,2000,0.849743
2834,zwe,2001,0.887693
2834,zwe,2002,0.838026
2834,zwe,2003,0.86195
2834,zwe,2004,0.850501
2834,zwe,2005,0.88477
2834,zwe,2006,0.926155
2834,zwe,2007,0.903714
2834,zwe,2008,0.887148
2834,zwe,2009,0.890843
2834,zwe,2010,0.900931
2834,zwe,2011,0.924747
2834,zwe,2012,0.922051
2834,zwe,2013,0.920955
2834,zwe,2014,0.912285
2834,zwe,2015,0.905089
2834,zwe,2016,0.936895
2834,twn,1995,0.727627
2834,twn,1996,0.762747
2834,twn,1997,0.744632
2834,twn,1998,0.745008
2834,twn,1999,0.743761
2834,twn,2000,0.761619
2834,twn,2001,0.74617
2834,twn,2002,0.750429
2834,twn,2003,0.759162
2834,twn,2004,0.806355
2834,twn,2005,0.778498
2834,twn,2006,0.784684
2834,twn,2007,0.802186
2834,twn,2008,0.793857
2834,twn,2009,0.796999
2834,twn,2010,0.803405
2834,twn,2011,0.789864
2834,twn,2012,0.798743
2834,twn,2013,0.807515
2834,twn,2014,0.832475
2834,twn,2015,0.833679
2834,twn,2016,0.837888
2834,ans,1995,0.869535
2834,ans,1996,0.888853
2834,ans,1997,0.926879
2834,ans,1998,0.879186
2834,ans,1999,0.883938
2834,ans,2000,0.934023
2834,ans,2001,0.943565
2834,ans,2002,0.941752
2834,ans,2003,0.938435
2834,ans,2004,0.954344
2834,ans,2005,0.951657
2834,ans,2006,0.962894
2834,ans,2007,0.955373
2834,ans,2008,0.954316
2834,ans,2009,0.940599
2834,ans,2010,0.933494
2834,ans,2011,0.966427
2834,ans,2012,0.949059
2834,ans,2013,0.946998
2834,ans,2014,0.945244
2834,ans,2015,0.91217
2834,ans,2016,0.938625
2834,lux,1999,0.824846
2834,lux,2000,0.806848
2834,lux,2001,0.800481
2834,lux,2002,0.813757
2834,lux,2003,0.834861
2834,lux,2004,0.830185
2834,lux,2005,0.828493
2834,lux,2006,0.846222
2834,lux,2007,0.829724
2834,lux,2008,0.843524
2834,lux,2009,0.821991
2834,lux,2010,0.814171
2834,lux,2011,0.813964
2834,lux,2012,0.793416
2834,lux,2013,0.801397
2834,lux,2014,0.80818
2834,lux,2015,0.80209
2834,lux,2016,0.801251
2834,asm,2000,0.915192
2834,asm,2001,0.931138
2834,asm,2002,0.932449
2834,asm,2003,0.920743
2834,asm,2004,0.893663
2834,asm,2005,0.917923
2834,asm,2006,0.963708
2834,asm,2007,0.944937
2834,asm,2008,0.93385
2834,asm,2009,0.920949
2834,asm,2010,0.929984
2834,asm,2011,0.932077
2834,asm,2012,0.953919
2834,asm,2013,0.945178
2834,asm,2014,0.952281
2834,asm,2015,0.932294
2834,asm,2016,0.955068
2834,ata,2000,0.976687
2834,ata,2001,0.983798
2834,ata,2002,0.971833
2834,ata,2003,0.974917
2834,ata,2004,0.981868
2834,ata,2005,0.987538
2834,ata,2006,0.968969
2834,ata,2007,0.977596
2834,ata,2008,0.963461
2834,ata,2009,0.974346
2834,ata,2010,0.975996
2834,ata,2011,0.981142
2834,ata,2012,0.970015
2834,ata,2013,0.988078
2834,ata,2014,0.9608
2834,ata,2015,0.961445
2834,ata,2016,0.976258
2834,bvt,2000,0.993612
2834,bvt,2001,0.996177
2834,bvt,2002,0.990595
2834,bvt,2003,0.991362
2834,bvt,2004,0.988389
2834,bvt,2005,0.987874
2834,bvt,2006,0.986199
2834,bvt,2007,0.965388
2834,bvt,2008,0.988112
2834,bvt,2009,0.955908
2834,bvt,2010,0.984155
2834,bvt,2011,0.978234
2834,bvt,2012,0.987775
2834,bvt,2013,0.986188
2834,bvt,2014,0.974795
2834,bvt,2015,0.980845
2834,bvt,2016,0.980637
2834,bwa,2000,0.971532
2834,bwa,2001,0.962326
2834,bwa,2002,0.966931
2834,bwa,2003,0.985506
2834,bwa,2004,0.966341
2834,bwa,2005,0.96909
2834,bwa,2006,0.964451
2834,bwa,2007,0.96095
2834,bwa,2008,0.929273
2834,bwa,2009,0.916641
2834,bwa,2010,0.895606
2834,bwa,2011,0.96893
2834,bwa,2012,0.95831
2834,bwa,2013,0.979334
2834,bwa,2014,0.970131
2834,bwa,2015,0.960164
2834,bwa,2016,0.983299
2834,gum,2000,0.984895
2834,gum,2001,0.976583
2834,gum,2002,0.966696
2834,gum,2003,0.950724
2834,gum,2004,0.925105
2834,gum,2005,0.918821
2834,gum,2006,0.923205
2834,gum,2007,0.926056
2834,gum,2008,0.906449
2834,gum,2009,0.901241
2834,gum,2010,0.883753
2834,gum,2011,0.883197
2834,gum,2012,0.907548
2834,gum,2013,0.886853
2834,gum,2014,0.919523
2834,gum,2015,0.899006
2834,gum,2016,0.900694
2834,hmd,2000,0.973686
2834,hmd,2001,0.982036
2834,hmd,2002,0.983337
2834,hmd,2003,0.98564
2834,hmd,2004,0.979042
2834,hmd,2005,0.979502
2834,hmd,2006,0.981332
2834,hmd,2007,0.979254
2834,hmd,2008,0.971779
2834,hmd,2009,0.976876
2834,hmd,2010,0.97508
2834,hmd,2011,0.981767
2834,hmd,2012,0.978197
2834,hmd,2013,0.985808
2834,hmd,2014,0.987126
2834,hmd,2015,0.991607
2834,hmd,2016,0.991129
2834,lso,2000,0.980714
2834,lso,2001,0.984679
2834,lso,2002,0.985355
2834,lso,2003,0.983322
2834,lso,2004,0.9824
2834,lso,2005,0.982192
2834,lso,2006,0.980468
2834,lso,2007,0.97851
2834,lso,2008,0.981961
2834,lso,2009,0.978862
2834,lso,2010,0.935675
2834,lso,2011,0.945144
2834,lso,2012,0.953776
2834,lso,2013,0.948579
2834,lso,2014,0.957369
2834,lso,2015,0.95537
2834,lso,2016,0.966972
2834,myt,2000,0.978785
2834,myt,2001,0.950322
2834,myt,2002,0.97716
2834,myt,2003,0.953731
2834,myt,2004,0.946056
2834,myt,2005,0.955135
2834,myt,2006,0.966339
2834,myt,2007,0.971752
2834,myt,2008,0.957226
2834,myt,2009,0.947651
2834,myt,2010,0.953894
2834,myt,2011,0.972774
2834,myt,2012,0.978701
2834,myt,2013,0.983817
2834,nam,2000,0.901496
2834,nam,2001,0.928497
2834,nam,2002,0.893405
2834,nam,2003,0.887817
2834,nam,2004,0.874142
2834,nam,2005,0.884966
2834,nam,2006,0.919803
2834,nam,2007,0.901491
2834,nam,2008,0.850547
2834,nam,2009,0.843475
2834,nam,2010,0.868361
2834,nam,2011,0.883281
2834,nam,2012,0.869519
2834,nam,2013,0.893802
2834,nam,2014,0.895727
2834,nam,2015,0.867753
2834,nam,2016,0.905301
2834,pse,2000,0.894873
2834,pse,2001,0.9188
2834,pse,2002,0.927107
2834,pse,2003,0.914309
2834,pse,2004,0.92502
2834,pse,2005,0.9163
2834,pse,2006,0.919685
2834,pse,2007,0.808746
2834,pse,2008,0.786224
2834,pse,2009,0.793533
2834,pse,2010,0.81687
2834,pse,2011,0.825243
2834,pse,2012,0.817827
2834,pse,2013,0.819966
2834,pse,2014,0.824678
2834,pse,2015,0.816961
2834,pse,2016,0.834559
2834,sgs,2000,0.997296
2834,sgs,2001,0.990215
2834,sgs,2002,0.982259
2834,sgs,2003,0.98582
2834,sgs,2004,0.984219
2834,sgs,2005,0.990132
2834,sgs,2006,0.991776
2834,sgs,2007,0.992168
2834,sgs,2008,0.984848
2834,sgs,2009,0.977392
2834,sgs,2010,0.979945
2834,sgs,2011,0.976768
2834,sgs,2012,0.988112
2834,sgs,2013,0.980801
2834,sgs,2014,0.990719
2834,sgs,2015,0.983869
2834,sgs,2016,0.984428
2834,smr,2000,0.925768
2834,smr,2001,0.940284
2834,smr,2002,0.914022
2834,smr,2003,0.930762
2834,smr,2004,0.924884
2834,smr,2005,0.908264
2834,smr,2006,0.913259
2834,smr,2007,0.907674
2834,smr,2008,0.894393
2834,smr,2009,0.890084
2834,smr,2010,0.898465
2834,smr,2011,0.902971
2834,smr,2012,0.904991
2834,smr,2013,0.885866
2834,smr,2014,0.889156
2834,smr,2015,0.89278
2834,smr,2016,0.905619
2834,swz,2000,0.904015
2834,swz,2001,0.930655
2834,swz,2002,0.924058
2834,swz,2003,0.931264
2834,swz,2004,0.927176
2834,swz,2005,0.910916
2834,swz,2006,0.903218
2834,swz,2007,0.907515
2834,swz,2008,0.877209
2834,swz,2009,0.898814
2834,swz,2010,0.881005
2834,swz,2011,0.896072
2834,swz,2012,0.903444
2834,swz,2013,0.906073
2834,swz,2014,0.909154
2834,swz,2015,0.905075
2834,swz,2016,0.918298
2834,umi,2000,0.951468
2834,umi,2001,0.946521
2834,umi,2002,0.947368
2834,umi,2003,0.962514
2834,umi,2004,0.955005
2834,umi,2005,0.941163
2834,umi,2006,0.96394
2834,umi,2007,0.928225
2834,umi,2008,0.938821
2834,umi,2009,0.967221
2834,umi,2010,0.95096
2834,umi,2011,0.967543
2834,umi,2012,0.953871
2834,umi,2013,0.948445
2834,umi,2014,0.916408
2834,umi,2015,0.950036
2834,umi,2016,0.921574
2834,vat,2000,0.970966
2834,vat,2001,0.976694
2834,vat,2002,0.970201
2834,vat,2003,0.976415
2834,vat,2004,0.961948
2834,vat,2005,0.962129
2834,vat,2006,0.962575
2834,vat,2007,0.937332
2834,vat,2008,0.948647
2834,vat,2009,0.972737
2834,vat,2010,0.93994
2834,vat,2011,0.988723
2834,vat,2012,0.959263
2834,vat,2013,0.945402
2834,vat,2014,0.952776
2834,vat,2015,0.961522
2834,vat,2016,0.961774
2834,srb,2006,0.732351
2834,srb,2007,0.716623
2834,srb,2008,0.714479
2834,srb,2009,0.694581
2834,srb,2010,0.721653
2834,srb,2011,0.724788
2834,srb,2012,0.694308
2834,srb,2013,0.748445
2834,srb,2014,0.727169
2834,srb,2015,0.723063
2834,srb,2016,0.760268
2834,mne,2006,0.908281
2834,mne,2007,0.907157
2834,mne,2008,0.903758
2834,mne,2009,0.875803
2834,mne,2010,0.881367
2834,mne,2011,0.901556
2834,mne,2012,0.899986
2834,mne,2013,0.913551
2834,mne,2014,0.905562
2834,mne,2015,0.886353
2834,mne,2016,0.901675
2834,bes,2011,0.989071
2834,bes,2012,0.991301
2834,bes,2013,0.97615
2834,bes,2014,0.995376
2834,bes,2015,0.988947
2834,bes,2016,0.987734
2834,cuw,2011,0.977797
2834,cuw,2012,0.971545
2834,cuw,2013,0.976078
2834,cuw,2014,0.971405
2834,cuw,2015,0.962283
2834,cuw,2016,0.962345
2834,sxm,2011,0.971555
2834,sxm,2012,0.991008
2834,sxm,2013,0.977771
2834,sxm,2014,0.982733
2834,sxm,2015,0.983502
2834,sxm,2016,0.985908
2834,ssd,2012,0.996756
2834,ssd,2013,0.997976
2834,ssd,2014,0.997568
2834,ssd,2015,0.995231
2834,ssd,2016,0.995288
2834,blm,2013,0.945979
2834,blm,2014,0.969321
2834,blm,2015,0.955081
2834,blm,2016,0.938742
